1 0 0 0 0 1 0 0 1 1 0 0 1 0 0 0 0 1 
0 1 0 0 1 0 0 1 0 0 1 0 0 1 0 0 1 0 
0 0 1 1 0 0 1 0 0 0 0 1 0 0 1 1 0 0 
1 0 0 0 0 1 0 0 1 0 0 1 1 0 0 0 0 1 
0 1 0 0 1 0 0 1 0 0 1 0 0 1 0 0 1 0 
0 0 1 1 0 0 1 0 0 1 0 0 0 0 1 1 0 0 
0 0 1 0 0 1 1 0 0 1 0 0 0 0 1 1 0 0 
0 1 0 0 1 0 0 1 0 0 1 0 0 1 0 0 1 0 
1 0 0 1 0 0 0 0 1 0 0 1 1 0 0 0 0 1 
1 0 0 0 0 1 1 0 0 0 0 1 0 0 1 0 0 1 
0 1 0 0 1 0 0 1 0 0 1 0 0 1 0 0 1 0 
0 0 1 1 0 0 0 0 1 1 0 0 1 0 0 1 0 0 
0 0 1 0 0 1 0 0 1 
0 1 0 0 1 0 0 1 0 
1 0 0 1 0 0 1 0 0 
1 0 0 0 0 1 0 0 1 
0 1 0 0 1 0 0 1 0 
0 0 1 1 0 0 1 0 0 
1 0 0 1 0 0 1 0 0 
0 1 0 0 1 0 0 1 0 
0 0 1 0 0 1 0 0 1 
Maze #3:
There are no cycles.
0 0 1 
0 1 0 
1 0 0 
Maze #4:
There are no cycles.
0 0 1 1 0 0 
0 1 0 0 1 0 
1 0 0 0 0 1 
