5

3
John Doe
Jane Smith
Jane Austen
1 2 3
2 1 3
2 3 1
1 2 3
3 1 2

19
John Adams
William Howard Taft
Jimmy Carter
Abraham Lincoln
Harry S. Truman
Franklin D. Roosevelt
Henry Wilson
Ronald Reagan
John Quincy Adams
Theodore Roosevelt
Alben Barkley
James A. Garfield
Bill Clinton
George Clinton
James Madison
Hubert Humphrey
William Henry Harrison
Grover Cleveland
None
8 10 13 14 1 18 7 17 2 16 3 11 12 4 5 19 15 6 9
4 9 5 14 13 8 15 18 19 3 1 7 11 10 17 2 16 6 12
7 16 2 6 11 12 8 10 4 18 9 3 14 15 1 13 5 19 17

16
Calvin Coolidge
Woodrow Wilson
Nelson Rockefeller
Franklin D. Roosevelt
Ronald Reagan
Hubert Humphrey
Herbert Hoover
William Howard Taft
Millard Fillmore
Andrew Johnson
James Monroe
James Buchanan
Dwight D. Eisenhower
Barack Obama
Martin Van Buren
Jimmy Carter
4 15 1 8 2 12 3 11 7 14 5 6 9 10 16 13
4 10 11 2 3 1 15 12 16 7 8 5 9 14 6 13
14 2 9 8 5 1 15 6 13 10 12 7 3 16 4 11
8 13 16 3 1 4 15 5 14 2 6 7 10 9 11 12
7 8 13 2 6 4 11 14 12 15 16 3 5 9 10 1
3 10 8 14 13 16 11 4 9 12 1 7 5 6 15 2
5 12 2 13 6 8 7 16 3 1 9 4 14 15 11 10
10 9 3 16 14 6 11 5 2 8 15 13 4 1 7 12
9 4 10 13 1 3 2 15 16 7 12 8 11 5 14 6
12 2 6 7 4 11 15 16 5 10 8 3 1 14 9 13
1 13 15 9 14 12 7 10 2 8 4 3 11 16 5 6
9 2 3 13 15 1 6 5 16 10 12 7 4 11 8 14
7 5 3 2 12 16 13 11 6 10 1 15 9 4 8 14
4 10 11 7 1 8 13 3 2 15 12 9 16 14 6 5
4 14 5 11 2 1 8 16 12 7 10 13 15 6 3 9
4 11 16 3 9 8 5 15 14 2 7 12 6 10 13 1
3 1 10 16 8 5 9 15 12 4 7 6 2 13 14 11
9 10 15 5 6 8 12 11 13 16 3 2 14 1 4 7
7 12 4 6 3 5 2 10 8 14 15 1 9 11 13 16
15 13 2 6 3 14 1 11 4 5 7 8 12 16 9 10
4 15 10 9 2 12 13 14 5 3 16 8 6 7 11 1
13 10 8 3 2 5 6 15 12 9 4 1 14 16 11 7
1 14 10 2 7 8 5 15 11 3 4 13 6 12 16 9
3 4 15 2 5 6 9 1 12 14 11 16 13 10 7 8
15 6 10 3 7 9 5 13 16 11 4 12 14 2 1 8
5 2 15 14 4 1 7 11 13 6 3 12 9 10 16 8
16 8 11 10 6 14 12 2 3 13 9 1 4 5 7 15
10 9 11 15 13 2 3 8 4 6 12 16 14 1 7 5
9 8 12 3 16 11 1 2 5 6 13 15 4 14 7 10
6 5 14 10 16 1 15 7 11 9 12 8 3 2 13 4
5 1 4 10 11 14 12 13 6 8 15 9 3 16 2 7
13 10 9 3 6 12 2 16 5 14 11 4 8 15 1 7
9 16 14 15 3 13 1 2 12 5 11 7 6 8 10 4
6 4 5 10 13 9 8 12 3 1 16 2 14 11 7 15
2 4 3 7 15 1 14 16 9 6 13 5 12 10 8 11
6 3 15 4 10 5 11 8 2 9 16 14 1 7 13 12
5 3 6 2 10 16 7 12 11 13 9 4 14 15 8 1
11 10 1 6 4 14 7 16 3 2 12 15 13 9 8 5
4 1 12 16 5 14 13 10 9 3 2 8 15 11 6 7
4 10 16 13 12 11 14 8 9 5 3 15 1 7 2 6
14 7 16 13 3 10 12 8 6 1 5 2 4 15 9 11
6 5 4 9 13 12 7 15 11 10 14 16 2 8 3 1
7 1 12 14 10 11 4 13 6 5 8 2 16 15 9 3
9 7 16 2 3 11 4 8 6 15 1 5 14 12 10 13
11 13 8 2 4 6 15 10 7 1 12 5 3 9 14 16
14 10 7 16 8 6 1 13 12 2 9 3 11 4 15 5
6 4 13 16 7 3 15 5 10 2 11 9 12 1 8 14
4 5 2 13 1 3 12 15 11 7 14 6 10 16 9 8
6 10 1 4 5 8 3 9 16 7 2 12 11 14 13 15
12 10 6 13 1 14 7 9 3 15 2 5 4 8 16 11
7 4 10 2 1 16 9 8 14 15 11 6 5 13 3 12
12 2 1 3 4 6 16 9 13 5 10 8 15 7 14 11
7 9 1 3 16 11 4 2 10 13 6 5 8 15 14 12
7 10 5 8 3 1 6 12 2 15 9 14 16 13 4 11
6 15 3 13 2 16 9 4 1 11 12 5 10 14 7 8
6 9 10 12 4 13 7 11 16 2 8 1 14 15 5 3
2 16 14 7 8 11 15 4 1 5 12 3 13 9 6 10
10 4 11 3 9 13 15 6 5 7 1 16 14 12 8 2
8 6 2 13 11 4 9 1 14 12 3 15 5 7 10 16
2 11 6 5 12 8 15 4 10 14 3 7 13 1 9 16
3 11 10 6 7 1 9 16 13 5 2 8 14 12 15 4
1 10 12 6 15 8 7 2 16 9 5 14 11 13 3 4
11 8 13 10 16 4 7 15 6 9 5 2 12 1 14 3
13 1 6 15 10 16 7 2 14 8 9 4 5 12 3 11
7 14 9 1 6 13 3 5 8 2 12 4 10 15 16 11
7 6 13 2 15 10 12 9 11 8 16 3 1 4 14 5
10 3 9 2 14 16 6 11 13 4 8 7 1 15 12 5
5 14 6 16 1 13 9 2 10 8 15 4 11 3 7 12
14 3 7 12 11 9 16 1 6 5 4 8 13 15 2 10
1 6 4 3 2 10 9 5 14 15 16 13 12 7 8 11
9 10 15 13 14 5 7 8 1 12 2 3 4 16 11 6
8 6 4 15 1 2 5 9 14 10 16 7 3 13 11 12
5 15 11 9 7 3 13 12 2 14 6 8 16 1 4 10
9 4 13 16 12 6 15 10 3 5 1 11 2 8 7 14
16 6 12 13 9 2 8 1 7 4 11 5 15 3 10 14
14 6 8 3 1 9 13 11 2 16 15 10 5 4 12 7
3 7 16 15 1 4 12 8 5 6 9 10 2 11 13 14
11 2 9 14 15 3 7 16 8 4 1 13 6 10 5 12
4 7 13 14 16 3 6 10 8 9 5 12 15 11 2 1
13 6 12 5 16 4 7 14 15 8 9 11 10 2 3 1
11 13 12 3 15 2 16 9 1 6 5 10 14 4 7 8
4 7 10 5 14 12 6 3 9 13 2 8 1 15 16 11
1 7 5 6 16 15 14 2 12 4 8 9 10 11 3 13
4 6 5 1 12 15 8 11 9 13 3 2 7 10 14 16
12 7 10 5 1 16 9 13 4 6 2 3 14 15 11 8
13 14 5 8 15 9 3 12 10 1 2 11 7 16 6 4
3 5 16 4 14 2 9 11 15 8 6 13 7 10 12 1
7 4 9 5 6 8 14 11 13 16 1 2 12 3 10 15
6 14 3 16 2 7 13 5 4 11 8 9 15 10 1 12
6 15 3 2 5 16 14 12 1 4 7 9 8 13 10 11
10 16 15 5 7 4 14 11 13 6 12 9 2 8 1 3
11 5 4 12 2 6 9 16 15 7 10 13 8 1 3 14
15 16 14 4 8 12 5 7 10 3 2 9 11 13 6 1
9 6 3 5 10 1 15 8 2 14 11 12 4 16 7 13
2 11 12 6 3 16 15 10 9 7 5 13 8 14 4 1
9 5 7 8 11 14 13 2 12 4 10 6 3 15 16 1
8 4 3 6 10 7 13 1 16 11 9 12 14 5 2 15
5 10 2 11 15 14 1 13 3 9 8 16 6 4 7 12
6 16 9 11 14 4 7 12 13 1 10 5 3 8 15 2
12 3 1 16 8 7 2 11 13 6 4 10 9 5 14 15
10 8 2 14 12 15 13 5 3 1 16 7 6 4 11 9
6 4 12 13 1 14 16 5 9 11 8 2 3 10 7 15
12 2 14 3 4 16 9 7 11 5 10 15 6 1 8 13
11 4 2 13 8 16 9 10 12 15 6 7 5 14 3 1
7 2 8 11 15 5 4 3 9 1 14 13 12 6 16 10
13 8 14 16 6 10 1 12 2 4 9 11 3 5 7 15
1 14 5 12 9 7 4 6 2 11 13 16 15 8 3 10
6 3 16 10 13 1 11 5 7 15 4 14 12 9 8 2
5 14 12 3 15 13 2 4 7 9 1 6 11 16 8 10
8 16 6 2 9 5 14 10 12 15 11 3 4 7 1 13
11 9 12 6 1 13 2 3 16 8 10 15 4 5 14 7
12 3 15 14 11 9 8 10 13 6 2 5 4 7 16 1
1 7 2 11 12 10 8 3 6 9 16 13 14 15 4 5
8 16 11 3 2 4 6 9 7 13 15 5 12 10 1 14

18
Harry S. Truman
Franklin D. Roosevelt
James Buchanan
George Bush
Alben Barkley
John Adams
John Tyler
Ronald Reagan
Andrew Jackson
Henry A. Wallace
Richard Nixon
Barack Obama
George Washington
Dwight D. Eisenhower
Charles Dawes
Thomas Jefferson
Millard Fillmore
Andrew Johnson
4 13 3 2 1 9 14 15 11 8 16 10 12 5 6 18 17 7
12 8 1 2 11 18 15 6 4 13 3 9 16 5 7 17 10 14
9 16 4 5 12 3 15 1 11 10 6 14 8 2 13 18 17 7
3 7 2 1 18 4 16 5 11 17 9 6 8 15 10 12 14 13
11 3 16 12 2 4 9 17 13 10 15 6 18 7 14 8 5 1
2 8 18 7 16 5 13 6 17 3 14 9 4 1 12 11 10 15
12 1 15 4 13 16 10 9 5 3 17 8 7 6 11 14 2 18
18 5 14 15 13 17 4 6 3 7 10 9 16 11 1 2 8 12
16 13 10 1 7 9 8 11 4 12 6 15 18 14 17 2 5 3
6 13 8 5 4 17 16 14 9 1 7 18 10 11 3 15 12 2

14
Henry A. Wallace
Ronald Reagan
Barack Obama
Gerald Ford
Charles Dawes
Franklin Pierce
Hubert Humphrey
Henry Wilson
Woodrow Wilson
Charles Fairbanks
Calvin Coolidge
James Buchanan
Warren G. Harding
Andrew Johnson
Charles Fairbanks
Ulysses S. Grant
Dwight D. Eisenhower
Barack Obama
Richard Nixon
13 6 8 11 10 1 4 9 3 12 7 2 14 5 
11 9 2 7 13 1 12 8 6 5 4 14 3 10 
12 13 11 10 4 9 2 1 6 14 8 3 7 5 
12 13 6 7 14 1 10 8 5 9 3 4 11 2 
13 6 11 12 9 5 10 2 4 1 14 7 8 3 
9 8 5 1 7 4 3 11 12 13 2 10 6 14 
13 5 11 2 1 9 12 8 4 10 3 6 14 7 
14 10 2 13 7 11 3 9 8 1 4 5 12 6 
2 13 11 3 12 14 4 10 7 8 9 5 6 1 
7 6 8 10 11 3 4 1 12 5 9 13 2 14 
3 6 12 9 10 13 8 11 14 7 4 5 2 1 
13 4 8 3 6 10 7 1 12 9 5 2 14 11 
4 2 9 8 11 6 14 3 12 7 1 13 5 10 
5 4 7 9 12 1 13 3 6 11 8 2 10 14 
5 3 1 6 10 14 2 7 4 11 13 12 9 8 
6 4 13 14 10 3 11 1 2 7 5 12 9 8 
11 6 5 10 14 2 3 9 1 12 13 8 4 7 
11 3 2 5 4 7 14 10 13 12 9 6 1 8 
5 1 9 7 10 3 11 2 8 6 12 13 4 14 
6 13 4 1 5 2 9 11 8 14 7 10 3 12 
13 10 2 14 9 6 11 3 7 1 8 12 5 4 
12 13 2 10 9 4 14 11 1 3 7 5 8 6 
8 12 1 6 11 3 5 4 10 2 14 7 9 13 
8 12 14 4 9 6 7 10 3 1 11 2 13 5 
6 1 5 2 8 14 3 7 9 13 12 10 11 4 
8 4 5 10 3 6 2 9 14 13 11 12 1 7 
1 9 3 7 6 4 2 8 14 13 10 5 12 11 
1 9 2 14 3 10 5 4 7 11 8 6 12 13 
7 4 10 2 3 14 8 11 1 9 6 13 12 5 
10 2 14 4 11 13 5 6 7 8 9 3 12 1 
8 14 12 3 9 10 2 11 4 7 6 5 1 13 
7 4 14 10 8 11 9 13 1 12 2 6 5 3 
6 7 3 9 12 10 14 2 5 11 13 4 8 1 
3 13 1 11 6 14 8 7 9 2 10 4 5 12 
14 2 11 12 5 10 9 6 8 13 4 1 3 7 
7 5 6 2 10 12 8 9 1 13 4 14 3 11 
4 5 1 2 12 14 7 11 6 9 13 3 10 8 
1 6 9 5 10 13 4 12 8 2 7 11 14 3 

