4

1
Harry S. Truman

3
Harry S. Truman
Franklin D. Roosevelt
James Buchanan

18
Harry S. Truman
Franklin D. Roosevelt
James Buchanan
George Bush
Alben Barkley
John Adams
John Tyler
Ronald Reagan
Andrew Jackson
Henry A. Wallace
Richard Nixon
Barack Obama
George Washington
Dwight D. Eisenhower
Charles Dawes
Thomas Jefferson
Millard Fillmore
Andrew Johnson
4 13 3 2 1 9 14 15 11 8 16 10 12 5 6 18 17 7
12 8 1 2 11 18 15 6 4 13 3 9 16 5 7 17 10 14
9 16 4 5 12 3 15 1 11 10 6 14 8 2 13 18 17 7
3 7 2 1 18 4 16 5 11 17 9 6 8 15 10 12 14 13
11 3 16 12 2 4 9 17 13 10 15 6 18 7 14 8 5 1
2 8 18 7 16 5 13 6 17 3 14 9 4 1 12 11 10 15
12 1 15 4 13 16 10 9 5 3 17 8 7 6 11 14 2 18
18 5 14 15 13 17 4 6 3 7 10 9 16 11 1 2 8 12
16 13 10 1 7 9 8 11 4 12 6 15 18 14 17 2 5 3
6 13 8 5 4 17 16 14 9 1 7 18 10 11 3 15 12 2
4 13 3 2 1 9 14 15 11 8 16 10 12 5 6 18 17 7
12 8 1 2 11 18 15 6 4 13 3 9 16 5 7 17 10 14
9 16 4 5 12 3 15 1 11 10 6 14 8 2 13 18 17 7
3 7 2 1 18 4 16 5 11 17 9 6 8 15 10 12 14 13
11 3 16 12 2 4 9 17 13 10 15 6 18 7 14 8 5 1
2 8 18 7 16 5 13 6 17 3 14 9 4 1 12 11 10 15
12 1 15 4 13 16 10 9 5 3 17 8 7 6 11 14 2 18
18 5 14 15 13 17 4 6 3 7 10 9 16 11 1 2 8 12
16 13 10 1 7 9 8 11 4 12 6 15 18 14 17 2 5 3
6 13 8 5 4 17 16 14 9 1 7 18 10 11 3 15 12 2
4 13 3 2 1 9 14 15 11 8 16 10 12 5 6 18 17 7
12 8 1 2 11 18 15 6 4 13 3 9 16 5 7 17 10 14
9 16 4 5 12 3 15 1 11 10 6 14 8 2 13 18 17 7
3 7 2 1 18 4 16 5 11 17 9 6 8 15 10 12 14 13
11 3 16 12 2 4 9 17 13 10 15 6 18 7 14 8 5 1
2 8 18 7 16 5 13 6 17 3 14 9 4 1 12 11 10 15
12 1 15 4 13 16 10 9 5 3 17 8 7 6 11 14 2 18
18 5 14 15 13 17 4 6 3 7 10 9 16 11 1 2 8 12
16 13 10 1 7 9 8 11 4 12 6 15 18 14 17 2 5 3
6 13 8 5 4 17 16 14 9 1 7 18 10 11 3 15 12 2
4 13 3 2 1 9 14 15 11 8 16 10 12 5 6 18 17 7
12 8 1 2 11 18 15 6 4 13 3 9 16 5 7 17 10 14
9 16 4 5 12 3 15 1 11 10 6 14 8 2 13 18 17 7
3 7 2 1 18 4 16 5 11 17 9 6 8 15 10 12 14 13
11 3 16 12 2 4 9 17 13 10 15 6 18 7 14 8 5 1
2 8 18 7 16 5 13 6 17 3 14 9 4 1 12 11 10 15
12 1 15 4 13 16 10 9 5 3 17 8 7 6 11 14 2 18
18 5 14 15 13 17 4 6 3 7 10 9 16 11 1 2 8 12
16 13 10 1 7 9 8 11 4 12 6 15 18 14 17 2 5 3
6 13 8 5 4 17 16 14 9 1 7 18 10 11 3 15 12 2
4 13 3 2 1 9 14 15 11 8 16 10 12 5 6 18 17 7
12 8 1 2 11 18 15 6 4 13 3 9 16 5 7 17 10 14
9 16 4 5 12 3 15 1 11 10 6 14 8 2 13 18 17 7
3 7 2 1 18 4 16 5 11 17 9 6 8 15 10 12 14 13
11 3 16 12 2 4 9 17 13 10 15 6 18 7 14 8 5 1
2 8 18 7 16 5 13 6 17 3 14 9 4 1 12 11 10 15
12 1 15 4 13 16 10 9 5 3 17 8 7 6 11 14 2 18
18 5 14 15 13 17 4 6 3 7 10 9 16 11 1 2 8 12
16 13 10 1 7 9 8 11 4 12 6 15 18 14 17 2 5 3
6 13 8 5 4 17 16 14 9 1 7 18 10 11 3 15 12 2
4 13 3 2 1 9 14 15 11 8 16 10 12 5 6 18 17 7
12 8 1 2 11 18 15 6 4 13 3 9 16 5 7 17 10 14
9 16 4 5 12 3 15 1 11 10 6 14 8 2 13 18 17 7
3 7 2 1 18 4 16 5 11 17 9 6 8 15 10 12 14 13
11 3 16 12 2 4 9 17 13 10 15 6 18 7 14 8 5 1
2 8 18 7 16 5 13 6 17 3 14 9 4 1 12 11 10 15
12 1 15 4 13 16 10 9 5 3 17 8 7 6 11 14 2 18
18 5 14 15 13 17 4 6 3 7 10 9 16 11 1 2 8 12
16 13 10 1 7 9 8 11 4 12 6 15 18 14 17 2 5 3
6 13 8 5 4 17 16 14 9 1 7 18 10 11 3 15 12 2
4 13 3 2 1 9 14 15 11 8 16 10 12 5 6 18 17 7
12 8 1 2 11 18 15 6 4 13 3 9 16 5 7 17 10 14
9 16 4 5 12 3 15 1 11 10 6 14 8 2 13 18 17 7
3 7 2 1 18 4 16 5 11 17 9 6 8 15 10 12 14 13
11 3 16 12 2 4 9 17 13 10 15 6 18 7 14 8 5 1
2 8 18 7 16 5 13 6 17 3 14 9 4 1 12 11 10 15
12 1 15 4 13 16 10 9 5 3 17 8 7 6 11 14 2 18
18 5 14 15 13 17 4 6 3 7 10 9 16 11 1 2 8 12
16 13 10 1 7 9 8 11 4 12 6 15 18 14 17 2 5 3
6 13 8 5 4 17 16 14 9 1 7 18 10 11 3 15 12 2
4 13 3 2 1 9 14 15 11 8 16 10 12 5 6 18 17 7
12 8 1 2 11 18 15 6 4 13 3 9 16 5 7 17 10 14
9 16 4 5 12 3 15 1 11 10 6 14 8 2 13 18 17 7
3 7 2 1 18 4 16 5 11 17 9 6 8 15 10 12 14 13
11 3 16 12 2 4 9 17 13 10 15 6 18 7 14 8 5 1
2 8 18 7 16 5 13 6 17 3 14 9 4 1 12 11 10 15
12 1 15 4 13 16 10 9 5 3 17 8 7 6 11 14 2 18
18 5 14 15 13 17 4 6 3 7 10 9 16 11 1 2 8 12
16 13 10 1 7 9 8 11 4 12 6 15 18 14 17 2 5 3
6 13 8 5 4 17 16 14 9 1 7 18 10 11 3 15 12 2
4 13 3 2 1 9 14 15 11 8 16 10 12 5 6 18 17 7
12 8 1 2 11 18 15 6 4 13 3 9 16 5 7 17 10 14
9 16 4 5 12 3 15 1 11 10 6 14 8 2 13 18 17 7
3 7 2 1 18 4 16 5 11 17 9 6 8 15 10 12 14 13
11 3 16 12 2 4 9 17 13 10 15 6 18 7 14 8 5 1
2 8 18 7 16 5 13 6 17 3 14 9 4 1 12 11 10 15
12 1 15 4 13 16 10 9 5 3 17 8 7 6 11 14 2 18
18 5 14 15 13 17 4 6 3 7 10 9 16 11 1 2 8 12
16 13 10 1 7 9 8 11 4 12 6 15 18 14 17 2 5 3
6 13 8 5 4 17 16 14 9 1 7 18 10 11 3 15 12 2
4 13 3 2 1 9 14 15 11 8 16 10 12 5 6 18 17 7
12 8 1 2 11 18 15 6 4 13 3 9 16 5 7 17 10 14
9 16 4 5 12 3 15 1 11 10 6 14 8 2 13 18 17 7
3 7 2 1 18 4 16 5 11 17 9 6 8 15 10 12 14 13
11 3 16 12 2 4 9 17 13 10 15 6 18 7 14 8 5 1
2 8 18 7 16 5 13 6 17 3 14 9 4 1 12 11 10 15
12 1 15 4 13 16 10 9 5 3 17 8 7 6 11 14 2 18
18 5 14 15 13 17 4 6 3 7 10 9 16 11 1 2 8 12
16 13 10 1 7 9 8 11 4 12 6 15 18 14 17 2 5 3
6 13 8 5 4 17 16 14 9 1 7 18 10 11 3 15 12 2
4 13 3 2 1 9 14 15 11 8 16 10 12 5 6 18 17 7
12 8 1 2 11 18 15 6 4 13 3 9 16 5 7 17 10 14
9 16 4 5 12 3 15 1 11 10 6 14 8 2 13 18 17 7
3 7 2 1 18 4 16 5 11 17 9 6 8 15 10 12 14 13
11 3 16 12 2 4 9 17 13 10 15 6 18 7 14 8 5 1
2 8 18 7 16 5 13 6 17 3 14 9 4 1 12 11 10 15
12 1 15 4 13 16 10 9 5 3 17 8 7 6 11 14 2 18
18 5 14 15 13 17 4 6 3 7 10 9 16 11 1 2 8 12
16 13 10 1 7 9 8 11 4 12 6 15 18 14 17 2 5 3
6 13 8 5 4 17 16 14 9 1 7 18 10 11 3 15 12 2
4 13 3 2 1 9 14 15 11 8 16 10 12 5 6 18 17 7
12 8 1 2 11 18 15 6 4 13 3 9 16 5 7 17 10 14
9 16 4 5 12 3 15 1 11 10 6 14 8 2 13 18 17 7
3 7 2 1 18 4 16 5 11 17 9 6 8 15 10 12 14 13
11 3 16 12 2 4 9 17 13 10 15 6 18 7 14 8 5 1
2 8 18 7 16 5 13 6 17 3 14 9 4 1 12 11 10 15
12 1 15 4 13 16 10 9 5 3 17 8 7 6 11 14 2 18
18 5 14 15 13 17 4 6 3 7 10 9 16 11 1 2 8 12
16 13 10 1 7 9 8 11 4 12 6 15 18 14 17 2 5 3
6 13 8 5 4 17 16 14 9 1 7 18 10 11 3 15 12 2
4 13 3 2 1 9 14 15 11 8 16 10 12 5 6 18 17 7
12 8 1 2 11 18 15 6 4 13 3 9 16 5 7 17 10 14
9 16 4 5 12 3 15 1 11 10 6 14 8 2 13 18 17 7
3 7 2 1 18 4 16 5 11 17 9 6 8 15 10 12 14 13
11 3 16 12 2 4 9 17 13 10 15 6 18 7 14 8 5 1
2 8 18 7 16 5 13 6 17 3 14 9 4 1 12 11 10 15
12 1 15 4 13 16 10 9 5 3 17 8 7 6 11 14 2 18
18 5 14 15 13 17 4 6 3 7 10 9 16 11 1 2 8 12
16 13 10 1 7 9 8 11 4 12 6 15 18 14 17 2 5 3
6 13 8 5 4 17 16 14 9 1 7 18 10 11 3 15 12 2
4 13 3 2 1 9 14 15 11 8 16 10 12 5 6 18 17 7
12 8 1 2 11 18 15 6 4 13 3 9 16 5 7 17 10 14
9 16 4 5 12 3 15 1 11 10 6 14 8 2 13 18 17 7
3 7 2 1 18 4 16 5 11 17 9 6 8 15 10 12 14 13
11 3 16 12 2 4 9 17 13 10 15 6 18 7 14 8 5 1
2 8 18 7 16 5 13 6 17 3 14 9 4 1 12 11 10 15
12 1 15 4 13 16 10 9 5 3 17 8 7 6 11 14 2 18
18 5 14 15 13 17 4 6 3 7 10 9 16 11 1 2 8 12
16 13 10 1 7 9 8 11 4 12 6 15 18 14 17 2 5 3
6 13 8 5 4 17 16 14 9 1 7 18 10 11 3 15 12 2
4 13 3 2 1 9 14 15 11 8 16 10 12 5 6 18 17 7
12 8 1 2 11 18 15 6 4 13 3 9 16 5 7 17 10 14
9 16 4 5 12 3 15 1 11 10 6 14 8 2 13 18 17 7
3 7 2 1 18 4 16 5 11 17 9 6 8 15 10 12 14 13
11 3 16 12 2 4 9 17 13 10 15 6 18 7 14 8 5 1
2 8 18 7 16 5 13 6 17 3 14 9 4 1 12 11 10 15
12 1 15 4 13 16 10 9 5 3 17 8 7 6 11 14 2 18
18 5 14 15 13 17 4 6 3 7 10 9 16 11 1 2 8 12
16 13 10 1 7 9 8 11 4 12 6 15 18 14 17 2 5 3
6 13 8 5 4 17 16 14 9 1 7 18 10 11 3 15 12 2
4 13 3 2 1 9 14 15 11 8 16 10 12 5 6 18 17 7
12 8 1 2 11 18 15 6 4 13 3 9 16 5 7 17 10 14
9 16 4 5 12 3 15 1 11 10 6 14 8 2 13 18 17 7
3 7 2 1 18 4 16 5 11 17 9 6 8 15 10 12 14 13
11 3 16 12 2 4 9 17 13 10 15 6 18 7 14 8 5 1
2 8 18 7 16 5 13 6 17 3 14 9 4 1 12 11 10 15
12 1 15 4 13 16 10 9 5 3 17 8 7 6 11 14 2 18
18 5 14 15 13 17 4 6 3 7 10 9 16 11 1 2 8 12
16 13 10 1 7 9 8 11 4 12 6 15 18 14 17 2 5 3
6 13 8 5 4 17 16 14 9 1 7 18 10 11 3 15 12 2
4 13 3 2 1 9 14 15 11 8 16 10 12 5 6 18 17 7
12 8 1 2 11 18 15 6 4 13 3 9 16 5 7 17 10 14
9 16 4 5 12 3 15 1 11 10 6 14 8 2 13 18 17 7
3 7 2 1 18 4 16 5 11 17 9 6 8 15 10 12 14 13
11 3 16 12 2 4 9 17 13 10 15 6 18 7 14 8 5 1
2 8 18 7 16 5 13 6 17 3 14 9 4 1 12 11 10 15
12 1 15 4 13 16 10 9 5 3 17 8 7 6 11 14 2 18
18 5 14 15 13 17 4 6 3 7 10 9 16 11 1 2 8 12
16 13 10 1 7 9 8 11 4 12 6 15 18 14 17 2 5 3
6 13 8 5 4 17 16 14 9 1 7 18 10 11 3 15 12 2
4 13 3 2 1 9 14 15 11 8 16 10 12 5 6 18 17 7
12 8 1 2 11 18 15 6 4 13 3 9 16 5 7 17 10 14
9 16 4 5 12 3 15 1 11 10 6 14 8 2 13 18 17 7
3 7 2 1 18 4 16 5 11 17 9 6 8 15 10 12 14 13
11 3 16 12 2 4 9 17 13 10 15 6 18 7 14 8 5 1
2 8 18 7 16 5 13 6 17 3 14 9 4 1 12 11 10 15
12 1 15 4 13 16 10 9 5 3 17 8 7 6 11 14 2 18
18 5 14 15 13 17 4 6 3 7 10 9 16 11 1 2 8 12
16 13 10 1 7 9 8 11 4 12 6 15 18 14 17 2 5 3
6 13 8 5 4 17 16 14 9 1 7 18 10 11 3 15 12 2
4 13 3 2 1 9 14 15 11 8 16 10 12 5 6 18 17 7
12 8 1 2 11 18 15 6 4 13 3 9 16 5 7 17 10 14
9 16 4 5 12 3 15 1 11 10 6 14 8 2 13 18 17 7
3 7 2 1 18 4 16 5 11 17 9 6 8 15 10 12 14 13
11 3 16 12 2 4 9 17 13 10 15 6 18 7 14 8 5 1
2 8 18 7 16 5 13 6 17 3 14 9 4 1 12 11 10 15
12 1 15 4 13 16 10 9 5 3 17 8 7 6 11 14 2 18
18 5 14 15 13 17 4 6 3 7 10 9 16 11 1 2 8 12
16 13 10 1 7 9 8 11 4 12 6 15 18 14 17 2 5 3
6 13 8 5 4 17 16 14 9 1 7 18 10 11 3 15 12 2
4 13 3 2 1 9 14 15 11 8 16 10 12 5 6 18 17 7
12 8 1 2 11 18 15 6 4 13 3 9 16 5 7 17 10 14
9 16 4 5 12 3 15 1 11 10 6 14 8 2 13 18 17 7
3 7 2 1 18 4 16 5 11 17 9 6 8 15 10 12 14 13
11 3 16 12 2 4 9 17 13 10 15 6 18 7 14 8 5 1
2 8 18 7 16 5 13 6 17 3 14 9 4 1 12 11 10 15
12 1 15 4 13 16 10 9 5 3 17 8 7 6 11 14 2 18
18 5 14 15 13 17 4 6 3 7 10 9 16 11 1 2 8 12
16 13 10 1 7 9 8 11 4 12 6 15 18 14 17 2 5 3
6 13 8 5 4 17 16 14 9 1 7 18 10 11 3 15 12 2
4 13 3 2 1 9 14 15 11 8 16 10 12 5 6 18 17 7
12 8 1 2 11 18 15 6 4 13 3 9 16 5 7 17 10 14
9 16 4 5 12 3 15 1 11 10 6 14 8 2 13 18 17 7
3 7 2 1 18 4 16 5 11 17 9 6 8 15 10 12 14 13
11 3 16 12 2 4 9 17 13 10 15 6 18 7 14 8 5 1
2 8 18 7 16 5 13 6 17 3 14 9 4 1 12 11 10 15
12 1 15 4 13 16 10 9 5 3 17 8 7 6 11 14 2 18
18 5 14 15 13 17 4 6 3 7 10 9 16 11 1 2 8 12
16 13 10 1 7 9 8 11 4 12 6 15 18 14 17 2 5 3
6 13 8 5 4 17 16 14 9 1 7 18 10 11 3 15 12 2
4 13 3 2 1 9 14 15 11 8 16 10 12 5 6 18 17 7
12 8 1 2 11 18 15 6 4 13 3 9 16 5 7 17 10 14
9 16 4 5 12 3 15 1 11 10 6 14 8 2 13 18 17 7
3 7 2 1 18 4 16 5 11 17 9 6 8 15 10 12 14 13
11 3 16 12 2 4 9 17 13 10 15 6 18 7 14 8 5 1
2 8 18 7 16 5 13 6 17 3 14 9 4 1 12 11 10 15
12 1 15 4 13 16 10 9 5 3 17 8 7 6 11 14 2 18
18 5 14 15 13 17 4 6 3 7 10 9 16 11 1 2 8 12
16 13 10 1 7 9 8 11 4 12 6 15 18 14 17 2 5 3
6 13 8 5 4 17 16 14 9 1 7 18 10 11 3 15 12 2
4 13 3 2 1 9 14 15 11 8 16 10 12 5 6 18 17 7
12 8 1 2 11 18 15 6 4 13 3 9 16 5 7 17 10 14
9 16 4 5 12 3 15 1 11 10 6 14 8 2 13 18 17 7
3 7 2 1 18 4 16 5 11 17 9 6 8 15 10 12 14 13
11 3 16 12 2 4 9 17 13 10 15 6 18 7 14 8 5 1
2 8 18 7 16 5 13 6 17 3 14 9 4 1 12 11 10 15
12 1 15 4 13 16 10 9 5 3 17 8 7 6 11 14 2 18
18 5 14 15 13 17 4 6 3 7 10 9 16 11 1 2 8 12
16 13 10 1 7 9 8 11 4 12 6 15 18 14 17 2 5 3
6 13 8 5 4 17 16 14 9 1 7 18 10 11 3 15 12 2
4 13 3 2 1 9 14 15 11 8 16 10 12 5 6 18 17 7
12 8 1 2 11 18 15 6 4 13 3 9 16 5 7 17 10 14
9 16 4 5 12 3 15 1 11 10 6 14 8 2 13 18 17 7
3 7 2 1 18 4 16 5 11 17 9 6 8 15 10 12 14 13
11 3 16 12 2 4 9 17 13 10 15 6 18 7 14 8 5 1
2 8 18 7 16 5 13 6 17 3 14 9 4 1 12 11 10 15
12 1 15 4 13 16 10 9 5 3 17 8 7 6 11 14 2 18
18 5 14 15 13 17 4 6 3 7 10 9 16 11 1 2 8 12
16 13 10 1 7 9 8 11 4 12 6 15 18 14 17 2 5 3
6 13 8 5 4 17 16 14 9 1 7 18 10 11 3 15 12 2
4 13 3 2 1 9 14 15 11 8 16 10 12 5 6 18 17 7
12 8 1 2 11 18 15 6 4 13 3 9 16 5 7 17 10 14
9 16 4 5 12 3 15 1 11 10 6 14 8 2 13 18 17 7
3 7 2 1 18 4 16 5 11 17 9 6 8 15 10 12 14 13
11 3 16 12 2 4 9 17 13 10 15 6 18 7 14 8 5 1
2 8 18 7 16 5 13 6 17 3 14 9 4 1 12 11 10 15
12 1 15 4 13 16 10 9 5 3 17 8 7 6 11 14 2 18
18 5 14 15 13 17 4 6 3 7 10 9 16 11 1 2 8 12
16 13 10 1 7 9 8 11 4 12 6 15 18 14 17 2 5 3
6 13 8 5 4 17 16 14 9 1 7 18 10 11 3 15 12 2
4 13 3 2 1 9 14 15 11 8 16 10 12 5 6 18 17 7
12 8 1 2 11 18 15 6 4 13 3 9 16 5 7 17 10 14
9 16 4 5 12 3 15 1 11 10 6 14 8 2 13 18 17 7
3 7 2 1 18 4 16 5 11 17 9 6 8 15 10 12 14 13
11 3 16 12 2 4 9 17 13 10 15 6 18 7 14 8 5 1
2 8 18 7 16 5 13 6 17 3 14 9 4 1 12 11 10 15
12 1 15 4 13 16 10 9 5 3 17 8 7 6 11 14 2 18
18 5 14 15 13 17 4 6 3 7 10 9 16 11 1 2 8 12
16 13 10 1 7 9 8 11 4 12 6 15 18 14 17 2 5 3
6 13 8 5 4 17 16 14 9 1 7 18 10 11 3 15 12 2
4 13 3 2 1 9 14 15 11 8 16 10 12 5 6 18 17 7
12 8 1 2 11 18 15 6 4 13 3 9 16 5 7 17 10 14
9 16 4 5 12 3 15 1 11 10 6 14 8 2 13 18 17 7
3 7 2 1 18 4 16 5 11 17 9 6 8 15 10 12 14 13
11 3 16 12 2 4 9 17 13 10 15 6 18 7 14 8 5 1
2 8 18 7 16 5 13 6 17 3 14 9 4 1 12 11 10 15
12 1 15 4 13 16 10 9 5 3 17 8 7 6 11 14 2 18
18 5 14 15 13 17 4 6 3 7 10 9 16 11 1 2 8 12
16 13 10 1 7 9 8 11 4 12 6 15 18 14 17 2 5 3
6 13 8 5 4 17 16 14 9 1 7 18 10 11 3 15 12 2
4 13 3 2 1 9 14 15 11 8 16 10 12 5 6 18 17 7
12 8 1 2 11 18 15 6 4 13 3 9 16 5 7 17 10 14
9 16 4 5 12 3 15 1 11 10 6 14 8 2 13 18 17 7
3 7 2 1 18 4 16 5 11 17 9 6 8 15 10 12 14 13
11 3 16 12 2 4 9 17 13 10 15 6 18 7 14 8 5 1
2 8 18 7 16 5 13 6 17 3 14 9 4 1 12 11 10 15
12 1 15 4 13 16 10 9 5 3 17 8 7 6 11 14 2 18
18 5 14 15 13 17 4 6 3 7 10 9 16 11 1 2 8 12
16 13 10 1 7 9 8 11 4 12 6 15 18 14 17 2 5 3
6 13 8 5 4 17 16 14 9 1 7 18 10 11 3 15 12 2
4 13 3 2 1 9 14 15 11 8 16 10 12 5 6 18 17 7
12 8 1 2 11 18 15 6 4 13 3 9 16 5 7 17 10 14
9 16 4 5 12 3 15 1 11 10 6 14 8 2 13 18 17 7
3 7 2 1 18 4 16 5 11 17 9 6 8 15 10 12 14 13
11 3 16 12 2 4 9 17 13 10 15 6 18 7 14 8 5 1
2 8 18 7 16 5 13 6 17 3 14 9 4 1 12 11 10 15
12 1 15 4 13 16 10 9 5 3 17 8 7 6 11 14 2 18
18 5 14 15 13 17 4 6 3 7 10 9 16 11 1 2 8 12
16 13 10 1 7 9 8 11 4 12 6 15 18 14 17 2 5 3
6 13 8 5 4 17 16 14 9 1 7 18 10 11 3 15 12 2
4 13 3 2 1 9 14 15 11 8 16 10 12 5 6 18 17 7
12 8 1 2 11 18 15 6 4 13 3 9 16 5 7 17 10 14
9 16 4 5 12 3 15 1 11 10 6 14 8 2 13 18 17 7
3 7 2 1 18 4 16 5 11 17 9 6 8 15 10 12 14 13
11 3 16 12 2 4 9 17 13 10 15 6 18 7 14 8 5 1
2 8 18 7 16 5 13 6 17 3 14 9 4 1 12 11 10 15
12 1 15 4 13 16 10 9 5 3 17 8 7 6 11 14 2 18
18 5 14 15 13 17 4 6 3 7 10 9 16 11 1 2 8 12
16 13 10 1 7 9 8 11 4 12 6 15 18 14 17 2 5 3
6 13 8 5 4 17 16 14 9 1 7 18 10 11 3 15 12 2
4 13 3 2 1 9 14 15 11 8 16 10 12 5 6 18 17 7
12 8 1 2 11 18 15 6 4 13 3 9 16 5 7 17 10 14
9 16 4 5 12 3 15 1 11 10 6 14 8 2 13 18 17 7
3 7 2 1 18 4 16 5 11 17 9 6 8 15 10 12 14 13
11 3 16 12 2 4 9 17 13 10 15 6 18 7 14 8 5 1
2 8 18 7 16 5 13 6 17 3 14 9 4 1 12 11 10 15
12 1 15 4 13 16 10 9 5 3 17 8 7 6 11 14 2 18
18 5 14 15 13 17 4 6 3 7 10 9 16 11 1 2 8 12
16 13 10 1 7 9 8 11 4 12 6 15 18 14 17 2 5 3
6 13 8 5 4 17 16 14 9 1 7 18 10 11 3 15 12 2
4 13 3 2 1 9 14 15 11 8 16 10 12 5 6 18 17 7
12 8 1 2 11 18 15 6 4 13 3 9 16 5 7 17 10 14
9 16 4 5 12 3 15 1 11 10 6 14 8 2 13 18 17 7
3 7 2 1 18 4 16 5 11 17 9 6 8 15 10 12 14 13
11 3 16 12 2 4 9 17 13 10 15 6 18 7 14 8 5 1
2 8 18 7 16 5 13 6 17 3 14 9 4 1 12 11 10 15
12 1 15 4 13 16 10 9 5 3 17 8 7 6 11 14 2 18
18 5 14 15 13 17 4 6 3 7 10 9 16 11 1 2 8 12
16 13 10 1 7 9 8 11 4 12 6 15 18 14 17 2 5 3
6 13 8 5 4 17 16 14 9 1 7 18 10 11 3 15 12 2
4 13 3 2 1 9 14 15 11 8 16 10 12 5 6 18 17 7
12 8 1 2 11 18 15 6 4 13 3 9 16 5 7 17 10 14
9 16 4 5 12 3 15 1 11 10 6 14 8 2 13 18 17 7
3 7 2 1 18 4 16 5 11 17 9 6 8 15 10 12 14 13
11 3 16 12 2 4 9 17 13 10 15 6 18 7 14 8 5 1
2 8 18 7 16 5 13 6 17 3 14 9 4 1 12 11 10 15
12 1 15 4 13 16 10 9 5 3 17 8 7 6 11 14 2 18
18 5 14 15 13 17 4 6 3 7 10 9 16 11 1 2 8 12
16 13 10 1 7 9 8 11 4 12 6 15 18 14 17 2 5 3
6 13 8 5 4 17 16 14 9 1 7 18 10 11 3 15 12 2
4 13 3 2 1 9 14 15 11 8 16 10 12 5 6 18 17 7
12 8 1 2 11 18 15 6 4 13 3 9 16 5 7 17 10 14
9 16 4 5 12 3 15 1 11 10 6 14 8 2 13 18 17 7
3 7 2 1 18 4 16 5 11 17 9 6 8 15 10 12 14 13
11 3 16 12 2 4 9 17 13 10 15 6 18 7 14 8 5 1
2 8 18 7 16 5 13 6 17 3 14 9 4 1 12 11 10 15
12 1 15 4 13 16 10 9 5 3 17 8 7 6 11 14 2 18
18 5 14 15 13 17 4 6 3 7 10 9 16 11 1 2 8 12
16 13 10 1 7 9 8 11 4 12 6 15 18 14 17 2 5 3
6 13 8 5 4 17 16 14 9 1 7 18 10 11 3 15 12 2
4 13 3 2 1 9 14 15 11 8 16 10 12 5 6 18 17 7
12 8 1 2 11 18 15 6 4 13 3 9 16 5 7 17 10 14
9 16 4 5 12 3 15 1 11 10 6 14 8 2 13 18 17 7
3 7 2 1 18 4 16 5 11 17 9 6 8 15 10 12 14 13
11 3 16 12 2 4 9 17 13 10 15 6 18 7 14 8 5 1
2 8 18 7 16 5 13 6 17 3 14 9 4 1 12 11 10 15
12 1 15 4 13 16 10 9 5 3 17 8 7 6 11 14 2 18
18 5 14 15 13 17 4 6 3 7 10 9 16 11 1 2 8 12
16 13 10 1 7 9 8 11 4 12 6 15 18 14 17 2 5 3
6 13 8 5 4 17 16 14 9 1 7 18 10 11 3 15 12 2
4 13 3 2 1 9 14 15 11 8 16 10 12 5 6 18 17 7
12 8 1 2 11 18 15 6 4 13 3 9 16 5 7 17 10 14
9 16 4 5 12 3 15 1 11 10 6 14 8 2 13 18 17 7
3 7 2 1 18 4 16 5 11 17 9 6 8 15 10 12 14 13
11 3 16 12 2 4 9 17 13 10 15 6 18 7 14 8 5 1
2 8 18 7 16 5 13 6 17 3 14 9 4 1 12 11 10 15
12 1 15 4 13 16 10 9 5 3 17 8 7 6 11 14 2 18
18 5 14 15 13 17 4 6 3 7 10 9 16 11 1 2 8 12
16 13 10 1 7 9 8 11 4 12 6 15 18 14 17 2 5 3
6 13 8 5 4 17 16 14 9 1 7 18 10 11 3 15 12 2
4 13 3 2 1 9 14 15 11 8 16 10 12 5 6 18 17 7
12 8 1 2 11 18 15 6 4 13 3 9 16 5 7 17 10 14
9 16 4 5 12 3 15 1 11 10 6 14 8 2 13 18 17 7
3 7 2 1 18 4 16 5 11 17 9 6 8 15 10 12 14 13
11 3 16 12 2 4 9 17 13 10 15 6 18 7 14 8 5 1
2 8 18 7 16 5 13 6 17 3 14 9 4 1 12 11 10 15
12 1 15 4 13 16 10 9 5 3 17 8 7 6 11 14 2 18
18 5 14 15 13 17 4 6 3 7 10 9 16 11 1 2 8 12
16 13 10 1 7 9 8 11 4 12 6 15 18 14 17 2 5 3
6 13 8 5 4 17 16 14 9 1 7 18 10 11 3 15 12 2
4 13 3 2 1 9 14 15 11 8 16 10 12 5 6 18 17 7
12 8 1 2 11 18 15 6 4 13 3 9 16 5 7 17 10 14
9 16 4 5 12 3 15 1 11 10 6 14 8 2 13 18 17 7
3 7 2 1 18 4 16 5 11 17 9 6 8 15 10 12 14 13
11 3 16 12 2 4 9 17 13 10 15 6 18 7 14 8 5 1
2 8 18 7 16 5 13 6 17 3 14 9 4 1 12 11 10 15
12 1 15 4 13 16 10 9 5 3 17 8 7 6 11 14 2 18
18 5 14 15 13 17 4 6 3 7 10 9 16 11 1 2 8 12
16 13 10 1 7 9 8 11 4 12 6 15 18 14 17 2 5 3
6 13 8 5 4 17 16 14 9 1 7 18 10 11 3 15 12 2
4 13 3 2 1 9 14 15 11 8 16 10 12 5 6 18 17 7
12 8 1 2 11 18 15 6 4 13 3 9 16 5 7 17 10 14
9 16 4 5 12 3 15 1 11 10 6 14 8 2 13 18 17 7
3 7 2 1 18 4 16 5 11 17 9 6 8 15 10 12 14 13
11 3 16 12 2 4 9 17 13 10 15 6 18 7 14 8 5 1
2 8 18 7 16 5 13 6 17 3 14 9 4 1 12 11 10 15
12 1 15 4 13 16 10 9 5 3 17 8 7 6 11 14 2 18
18 5 14 15 13 17 4 6 3 7 10 9 16 11 1 2 8 12
16 13 10 1 7 9 8 11 4 12 6 15 18 14 17 2 5 3
6 13 8 5 4 17 16 14 9 1 7 18 10 11 3 15 12 2
4 13 3 2 1 9 14 15 11 8 16 10 12 5 6 18 17 7
12 8 1 2 11 18 15 6 4 13 3 9 16 5 7 17 10 14
9 16 4 5 12 3 15 1 11 10 6 14 8 2 13 18 17 7
3 7 2 1 18 4 16 5 11 17 9 6 8 15 10 12 14 13
11 3 16 12 2 4 9 17 13 10 15 6 18 7 14 8 5 1
2 8 18 7 16 5 13 6 17 3 14 9 4 1 12 11 10 15
12 1 15 4 13 16 10 9 5 3 17 8 7 6 11 14 2 18
18 5 14 15 13 17 4 6 3 7 10 9 16 11 1 2 8 12
16 13 10 1 7 9 8 11 4 12 6 15 18 14 17 2 5 3
6 13 8 5 4 17 16 14 9 1 7 18 10 11 3 15 12 2
4 13 3 2 1 9 14 15 11 8 16 10 12 5 6 18 17 7
12 8 1 2 11 18 15 6 4 13 3 9 16 5 7 17 10 14
9 16 4 5 12 3 15 1 11 10 6 14 8 2 13 18 17 7
3 7 2 1 18 4 16 5 11 17 9 6 8 15 10 12 14 13
11 3 16 12 2 4 9 17 13 10 15 6 18 7 14 8 5 1
2 8 18 7 16 5 13 6 17 3 14 9 4 1 12 11 10 15
12 1 15 4 13 16 10 9 5 3 17 8 7 6 11 14 2 18
18 5 14 15 13 17 4 6 3 7 10 9 16 11 1 2 8 12
16 13 10 1 7 9 8 11 4 12 6 15 18 14 17 2 5 3
6 13 8 5 4 17 16 14 9 1 7 18 10 11 3 15 12 2
4 13 3 2 1 9 14 15 11 8 16 10 12 5 6 18 17 7
12 8 1 2 11 18 15 6 4 13 3 9 16 5 7 17 10 14
9 16 4 5 12 3 15 1 11 10 6 14 8 2 13 18 17 7
3 7 2 1 18 4 16 5 11 17 9 6 8 15 10 12 14 13
11 3 16 12 2 4 9 17 13 10 15 6 18 7 14 8 5 1
2 8 18 7 16 5 13 6 17 3 14 9 4 1 12 11 10 15
12 1 15 4 13 16 10 9 5 3 17 8 7 6 11 14 2 18
18 5 14 15 13 17 4 6 3 7 10 9 16 11 1 2 8 12
16 13 10 1 7 9 8 11 4 12 6 15 18 14 17 2 5 3
6 13 8 5 4 17 16 14 9 1 7 18 10 11 3 15 12 2
4 13 3 2 1 9 14 15 11 8 16 10 12 5 6 18 17 7
12 8 1 2 11 18 15 6 4 13 3 9 16 5 7 17 10 14
9 16 4 5 12 3 15 1 11 10 6 14 8 2 13 18 17 7
3 7 2 1 18 4 16 5 11 17 9 6 8 15 10 12 14 13
11 3 16 12 2 4 9 17 13 10 15 6 18 7 14 8 5 1
2 8 18 7 16 5 13 6 17 3 14 9 4 1 12 11 10 15
12 1 15 4 13 16 10 9 5 3 17 8 7 6 11 14 2 18
18 5 14 15 13 17 4 6 3 7 10 9 16 11 1 2 8 12
16 13 10 1 7 9 8 11 4 12 6 15 18 14 17 2 5 3
6 13 8 5 4 17 16 14 9 1 7 18 10 11 3 15 12 2
4 13 3 2 1 9 14 15 11 8 16 10 12 5 6 18 17 7
12 8 1 2 11 18 15 6 4 13 3 9 16 5 7 17 10 14
9 16 4 5 12 3 15 1 11 10 6 14 8 2 13 18 17 7
3 7 2 1 18 4 16 5 11 17 9 6 8 15 10 12 14 13
11 3 16 12 2 4 9 17 13 10 15 6 18 7 14 8 5 1
2 8 18 7 16 5 13 6 17 3 14 9 4 1 12 11 10 15
12 1 15 4 13 16 10 9 5 3 17 8 7 6 11 14 2 18
18 5 14 15 13 17 4 6 3 7 10 9 16 11 1 2 8 12
16 13 10 1 7 9 8 11 4 12 6 15 18 14 17 2 5 3
6 13 8 5 4 17 16 14 9 1 7 18 10 11 3 15 12 2
4 13 3 2 1 9 14 15 11 8 16 10 12 5 6 18 17 7
12 8 1 2 11 18 15 6 4 13 3 9 16 5 7 17 10 14
9 16 4 5 12 3 15 1 11 10 6 14 8 2 13 18 17 7
3 7 2 1 18 4 16 5 11 17 9 6 8 15 10 12 14 13
11 3 16 12 2 4 9 17 13 10 15 6 18 7 14 8 5 1
2 8 18 7 16 5 13 6 17 3 14 9 4 1 12 11 10 15
12 1 15 4 13 16 10 9 5 3 17 8 7 6 11 14 2 18
18 5 14 15 13 17 4 6 3 7 10 9 16 11 1 2 8 12
16 13 10 1 7 9 8 11 4 12 6 15 18 14 17 2 5 3
6 13 8 5 4 17 16 14 9 1 7 18 10 11 3 15 12 2
4 13 3 2 1 9 14 15 11 8 16 10 12 5 6 18 17 7
12 8 1 2 11 18 15 6 4 13 3 9 16 5 7 17 10 14
9 16 4 5 12 3 15 1 11 10 6 14 8 2 13 18 17 7
3 7 2 1 18 4 16 5 11 17 9 6 8 15 10 12 14 13
11 3 16 12 2 4 9 17 13 10 15 6 18 7 14 8 5 1
2 8 18 7 16 5 13 6 17 3 14 9 4 1 12 11 10 15
12 1 15 4 13 16 10 9 5 3 17 8 7 6 11 14 2 18
18 5 14 15 13 17 4 6 3 7 10 9 16 11 1 2 8 12
16 13 10 1 7 9 8 11 4 12 6 15 18 14 17 2 5 3
6 13 8 5 4 17 16 14 9 1 7 18 10 11 3 15 12 2
4 13 3 2 1 9 14 15 11 8 16 10 12 5 6 18 17 7
12 8 1 2 11 18 15 6 4 13 3 9 16 5 7 17 10 14
9 16 4 5 12 3 15 1 11 10 6 14 8 2 13 18 17 7
3 7 2 1 18 4 16 5 11 17 9 6 8 15 10 12 14 13
11 3 16 12 2 4 9 17 13 10 15 6 18 7 14 8 5 1
2 8 18 7 16 5 13 6 17 3 14 9 4 1 12 11 10 15
12 1 15 4 13 16 10 9 5 3 17 8 7 6 11 14 2 18
18 5 14 15 13 17 4 6 3 7 10 9 16 11 1 2 8 12
16 13 10 1 7 9 8 11 4 12 6 15 18 14 17 2 5 3
6 13 8 5 4 17 16 14 9 1 7 18 10 11 3 15 12 2
4 13 3 2 1 9 14 15 11 8 16 10 12 5 6 18 17 7
12 8 1 2 11 18 15 6 4 13 3 9 16 5 7 17 10 14
9 16 4 5 12 3 15 1 11 10 6 14 8 2 13 18 17 7
3 7 2 1 18 4 16 5 11 17 9 6 8 15 10 12 14 13
11 3 16 12 2 4 9 17 13 10 15 6 18 7 14 8 5 1
2 8 18 7 16 5 13 6 17 3 14 9 4 1 12 11 10 15
12 1 15 4 13 16 10 9 5 3 17 8 7 6 11 14 2 18
18 5 14 15 13 17 4 6 3 7 10 9 16 11 1 2 8 12
16 13 10 1 7 9 8 11 4 12 6 15 18 14 17 2 5 3
6 13 8 5 4 17 16 14 9 1 7 18 10 11 3 15 12 2
4 13 3 2 1 9 14 15 11 8 16 10 12 5 6 18 17 7
12 8 1 2 11 18 15 6 4 13 3 9 16 5 7 17 10 14
9 16 4 5 12 3 15 1 11 10 6 14 8 2 13 18 17 7
3 7 2 1 18 4 16 5 11 17 9 6 8 15 10 12 14 13
11 3 16 12 2 4 9 17 13 10 15 6 18 7 14 8 5 1
2 8 18 7 16 5 13 6 17 3 14 9 4 1 12 11 10 15
12 1 15 4 13 16 10 9 5 3 17 8 7 6 11 14 2 18
18 5 14 15 13 17 4 6 3 7 10 9 16 11 1 2 8 12
16 13 10 1 7 9 8 11 4 12 6 15 18 14 17 2 5 3
6 13 8 5 4 17 16 14 9 1 7 18 10 11 3 15 12 2
4 13 3 2 1 9 14 15 11 8 16 10 12 5 6 18 17 7
12 8 1 2 11 18 15 6 4 13 3 9 16 5 7 17 10 14
9 16 4 5 12 3 15 1 11 10 6 14 8 2 13 18 17 7
3 7 2 1 18 4 16 5 11 17 9 6 8 15 10 12 14 13
11 3 16 12 2 4 9 17 13 10 15 6 18 7 14 8 5 1
2 8 18 7 16 5 13 6 17 3 14 9 4 1 12 11 10 15
12 1 15 4 13 16 10 9 5 3 17 8 7 6 11 14 2 18
18 5 14 15 13 17 4 6 3 7 10 9 16 11 1 2 8 12
16 13 10 1 7 9 8 11 4 12 6 15 18 14 17 2 5 3
6 13 8 5 4 17 16 14 9 1 7 18 10 11 3 15 12 2
4 13 3 2 1 9 14 15 11 8 16 10 12 5 6 18 17 7
12 8 1 2 11 18 15 6 4 13 3 9 16 5 7 17 10 14
9 16 4 5 12 3 15 1 11 10 6 14 8 2 13 18 17 7
3 7 2 1 18 4 16 5 11 17 9 6 8 15 10 12 14 13
11 3 16 12 2 4 9 17 13 10 15 6 18 7 14 8 5 1
2 8 18 7 16 5 13 6 17 3 14 9 4 1 12 11 10 15
12 1 15 4 13 16 10 9 5 3 17 8 7 6 11 14 2 18
18 5 14 15 13 17 4 6 3 7 10 9 16 11 1 2 8 12
16 13 10 1 7 9 8 11 4 12 6 15 18 14 17 2 5 3
6 13 8 5 4 17 16 14 9 1 7 18 10 11 3 15 12 2
4 13 3 2 1 9 14 15 11 8 16 10 12 5 6 18 17 7
12 8 1 2 11 18 15 6 4 13 3 9 16 5 7 17 10 14
9 16 4 5 12 3 15 1 11 10 6 14 8 2 13 18 17 7
3 7 2 1 18 4 16 5 11 17 9 6 8 15 10 12 14 13
11 3 16 12 2 4 9 17 13 10 15 6 18 7 14 8 5 1
2 8 18 7 16 5 13 6 17 3 14 9 4 1 12 11 10 15
12 1 15 4 13 16 10 9 5 3 17 8 7 6 11 14 2 18
18 5 14 15 13 17 4 6 3 7 10 9 16 11 1 2 8 12
16 13 10 1 7 9 8 11 4 12 6 15 18 14 17 2 5 3
6 13 8 5 4 17 16 14 9 1 7 18 10 11 3 15 12 2
4 13 3 2 1 9 14 15 11 8 16 10 12 5 6 18 17 7
12 8 1 2 11 18 15 6 4 13 3 9 16 5 7 17 10 14
9 16 4 5 12 3 15 1 11 10 6 14 8 2 13 18 17 7
3 7 2 1 18 4 16 5 11 17 9 6 8 15 10 12 14 13
11 3 16 12 2 4 9 17 13 10 15 6 18 7 14 8 5 1
2 8 18 7 16 5 13 6 17 3 14 9 4 1 12 11 10 15
12 1 15 4 13 16 10 9 5 3 17 8 7 6 11 14 2 18
18 5 14 15 13 17 4 6 3 7 10 9 16 11 1 2 8 12
16 13 10 1 7 9 8 11 4 12 6 15 18 14 17 2 5 3
6 13 8 5 4 17 16 14 9 1 7 18 10 11 3 15 12 2
4 13 3 2 1 9 14 15 11 8 16 10 12 5 6 18 17 7
12 8 1 2 11 18 15 6 4 13 3 9 16 5 7 17 10 14
9 16 4 5 12 3 15 1 11 10 6 14 8 2 13 18 17 7
3 7 2 1 18 4 16 5 11 17 9 6 8 15 10 12 14 13
11 3 16 12 2 4 9 17 13 10 15 6 18 7 14 8 5 1
2 8 18 7 16 5 13 6 17 3 14 9 4 1 12 11 10 15
12 1 15 4 13 16 10 9 5 3 17 8 7 6 11 14 2 18
18 5 14 15 13 17 4 6 3 7 10 9 16 11 1 2 8 12
16 13 10 1 7 9 8 11 4 12 6 15 18 14 17 2 5 3
6 13 8 5 4 17 16 14 9 1 7 18 10 11 3 15 12 2
4 13 3 2 1 9 14 15 11 8 16 10 12 5 6 18 17 7
12 8 1 2 11 18 15 6 4 13 3 9 16 5 7 17 10 14
9 16 4 5 12 3 15 1 11 10 6 14 8 2 13 18 17 7
3 7 2 1 18 4 16 5 11 17 9 6 8 15 10 12 14 13
11 3 16 12 2 4 9 17 13 10 15 6 18 7 14 8 5 1
2 8 18 7 16 5 13 6 17 3 14 9 4 1 12 11 10 15
12 1 15 4 13 16 10 9 5 3 17 8 7 6 11 14 2 18
18 5 14 15 13 17 4 6 3 7 10 9 16 11 1 2 8 12
16 13 10 1 7 9 8 11 4 12 6 15 18 14 17 2 5 3
6 13 8 5 4 17 16 14 9 1 7 18 10 11 3 15 12 2
4 13 3 2 1 9 14 15 11 8 16 10 12 5 6 18 17 7
12 8 1 2 11 18 15 6 4 13 3 9 16 5 7 17 10 14
9 16 4 5 12 3 15 1 11 10 6 14 8 2 13 18 17 7
3 7 2 1 18 4 16 5 11 17 9 6 8 15 10 12 14 13
11 3 16 12 2 4 9 17 13 10 15 6 18 7 14 8 5 1
2 8 18 7 16 5 13 6 17 3 14 9 4 1 12 11 10 15
12 1 15 4 13 16 10 9 5 3 17 8 7 6 11 14 2 18
18 5 14 15 13 17 4 6 3 7 10 9 16 11 1 2 8 12
16 13 10 1 7 9 8 11 4 12 6 15 18 14 17 2 5 3
6 13 8 5 4 17 16 14 9 1 7 18 10 11 3 15 12 2
4 13 3 2 1 9 14 15 11 8 16 10 12 5 6 18 17 7
12 8 1 2 11 18 15 6 4 13 3 9 16 5 7 17 10 14
9 16 4 5 12 3 15 1 11 10 6 14 8 2 13 18 17 7
3 7 2 1 18 4 16 5 11 17 9 6 8 15 10 12 14 13
11 3 16 12 2 4 9 17 13 10 15 6 18 7 14 8 5 1
2 8 18 7 16 5 13 6 17 3 14 9 4 1 12 11 10 15
12 1 15 4 13 16 10 9 5 3 17 8 7 6 11 14 2 18
18 5 14 15 13 17 4 6 3 7 10 9 16 11 1 2 8 12
16 13 10 1 7 9 8 11 4 12 6 15 18 14 17 2 5 3
6 13 8 5 4 17 16 14 9 1 7 18 10 11 3 15 12 2
4 13 3 2 1 9 14 15 11 8 16 10 12 5 6 18 17 7
12 8 1 2 11 18 15 6 4 13 3 9 16 5 7 17 10 14
9 16 4 5 12 3 15 1 11 10 6 14 8 2 13 18 17 7
3 7 2 1 18 4 16 5 11 17 9 6 8 15 10 12 14 13
11 3 16 12 2 4 9 17 13 10 15 6 18 7 14 8 5 1
2 8 18 7 16 5 13 6 17 3 14 9 4 1 12 11 10 15
12 1 15 4 13 16 10 9 5 3 17 8 7 6 11 14 2 18
18 5 14 15 13 17 4 6 3 7 10 9 16 11 1 2 8 12
16 13 10 1 7 9 8 11 4 12 6 15 18 14 17 2 5 3
6 13 8 5 4 17 16 14 9 1 7 18 10 11 3 15 12 2
4 13 3 2 1 9 14 15 11 8 16 10 12 5 6 18 17 7
12 8 1 2 11 18 15 6 4 13 3 9 16 5 7 17 10 14
9 16 4 5 12 3 15 1 11 10 6 14 8 2 13 18 17 7
3 7 2 1 18 4 16 5 11 17 9 6 8 15 10 12 14 13
11 3 16 12 2 4 9 17 13 10 15 6 18 7 14 8 5 1
2 8 18 7 16 5 13 6 17 3 14 9 4 1 12 11 10 15
12 1 15 4 13 16 10 9 5 3 17 8 7 6 11 14 2 18
18 5 14 15 13 17 4 6 3 7 10 9 16 11 1 2 8 12
16 13 10 1 7 9 8 11 4 12 6 15 18 14 17 2 5 3
6 13 8 5 4 17 16 14 9 1 7 18 10 11 3 15 12 2
4 13 3 2 1 9 14 15 11 8 16 10 12 5 6 18 17 7
12 8 1 2 11 18 15 6 4 13 3 9 16 5 7 17 10 14
9 16 4 5 12 3 15 1 11 10 6 14 8 2 13 18 17 7
3 7 2 1 18 4 16 5 11 17 9 6 8 15 10 12 14 13
11 3 16 12 2 4 9 17 13 10 15 6 18 7 14 8 5 1
2 8 18 7 16 5 13 6 17 3 14 9 4 1 12 11 10 15
12 1 15 4 13 16 10 9 5 3 17 8 7 6 11 14 2 18
18 5 14 15 13 17 4 6 3 7 10 9 16 11 1 2 8 12
16 13 10 1 7 9 8 11 4 12 6 15 18 14 17 2 5 3
6 13 8 5 4 17 16 14 9 1 7 18 10 11 3 15 12 2
4 13 3 2 1 9 14 15 11 8 16 10 12 5 6 18 17 7
12 8 1 2 11 18 15 6 4 13 3 9 16 5 7 17 10 14
9 16 4 5 12 3 15 1 11 10 6 14 8 2 13 18 17 7
3 7 2 1 18 4 16 5 11 17 9 6 8 15 10 12 14 13
11 3 16 12 2 4 9 17 13 10 15 6 18 7 14 8 5 1
2 8 18 7 16 5 13 6 17 3 14 9 4 1 12 11 10 15
12 1 15 4 13 16 10 9 5 3 17 8 7 6 11 14 2 18
18 5 14 15 13 17 4 6 3 7 10 9 16 11 1 2 8 12
16 13 10 1 7 9 8 11 4 12 6 15 18 14 17 2 5 3
6 13 8 5 4 17 16 14 9 1 7 18 10 11 3 15 12 2
4 13 3 2 1 9 14 15 11 8 16 10 12 5 6 18 17 7
12 8 1 2 11 18 15 6 4 13 3 9 16 5 7 17 10 14
9 16 4 5 12 3 15 1 11 10 6 14 8 2 13 18 17 7
3 7 2 1 18 4 16 5 11 17 9 6 8 15 10 12 14 13
11 3 16 12 2 4 9 17 13 10 15 6 18 7 14 8 5 1
2 8 18 7 16 5 13 6 17 3 14 9 4 1 12 11 10 15
12 1 15 4 13 16 10 9 5 3 17 8 7 6 11 14 2 18
18 5 14 15 13 17 4 6 3 7 10 9 16 11 1 2 8 12
16 13 10 1 7 9 8 11 4 12 6 15 18 14 17 2 5 3
6 13 8 5 4 17 16 14 9 1 7 18 10 11 3 15 12 2
4 13 3 2 1 9 14 15 11 8 16 10 12 5 6 18 17 7
12 8 1 2 11 18 15 6 4 13 3 9 16 5 7 17 10 14
9 16 4 5 12 3 15 1 11 10 6 14 8 2 13 18 17 7
3 7 2 1 18 4 16 5 11 17 9 6 8 15 10 12 14 13
11 3 16 12 2 4 9 17 13 10 15 6 18 7 14 8 5 1
2 8 18 7 16 5 13 6 17 3 14 9 4 1 12 11 10 15
12 1 15 4 13 16 10 9 5 3 17 8 7 6 11 14 2 18
18 5 14 15 13 17 4 6 3 7 10 9 16 11 1 2 8 12
16 13 10 1 7 9 8 11 4 12 6 15 18 14 17 2 5 3
6 13 8 5 4 17 16 14 9 1 7 18 10 11 3 15 12 2
4 13 3 2 1 9 14 15 11 8 16 10 12 5 6 18 17 7
12 8 1 2 11 18 15 6 4 13 3 9 16 5 7 17 10 14
9 16 4 5 12 3 15 1 11 10 6 14 8 2 13 18 17 7
3 7 2 1 18 4 16 5 11 17 9 6 8 15 10 12 14 13
11 3 16 12 2 4 9 17 13 10 15 6 18 7 14 8 5 1
2 8 18 7 16 5 13 6 17 3 14 9 4 1 12 11 10 15
12 1 15 4 13 16 10 9 5 3 17 8 7 6 11 14 2 18
18 5 14 15 13 17 4 6 3 7 10 9 16 11 1 2 8 12
16 13 10 1 7 9 8 11 4 12 6 15 18 14 17 2 5 3
6 13 8 5 4 17 16 14 9 1 7 18 10 11 3 15 12 2
4 13 3 2 1 9 14 15 11 8 16 10 12 5 6 18 17 7
12 8 1 2 11 18 15 6 4 13 3 9 16 5 7 17 10 14
9 16 4 5 12 3 15 1 11 10 6 14 8 2 13 18 17 7
3 7 2 1 18 4 16 5 11 17 9 6 8 15 10 12 14 13
11 3 16 12 2 4 9 17 13 10 15 6 18 7 14 8 5 1
2 8 18 7 16 5 13 6 17 3 14 9 4 1 12 11 10 15
12 1 15 4 13 16 10 9 5 3 17 8 7 6 11 14 2 18
18 5 14 15 13 17 4 6 3 7 10 9 16 11 1 2 8 12
16 13 10 1 7 9 8 11 4 12 6 15 18 14 17 2 5 3
6 13 8 5 4 17 16 14 9 1 7 18 10 11 3 15 12 2
4 13 3 2 1 9 14 15 11 8 16 10 12 5 6 18 17 7
12 8 1 2 11 18 15 6 4 13 3 9 16 5 7 17 10 14
9 16 4 5 12 3 15 1 11 10 6 14 8 2 13 18 17 7
3 7 2 1 18 4 16 5 11 17 9 6 8 15 10 12 14 13
11 3 16 12 2 4 9 17 13 10 15 6 18 7 14 8 5 1
2 8 18 7 16 5 13 6 17 3 14 9 4 1 12 11 10 15
12 1 15 4 13 16 10 9 5 3 17 8 7 6 11 14 2 18
18 5 14 15 13 17 4 6 3 7 10 9 16 11 1 2 8 12
16 13 10 1 7 9 8 11 4 12 6 15 18 14 17 2 5 3
6 13 8 5 4 17 16 14 9 1 7 18 10 11 3 15 12 2
4 13 3 2 1 9 14 15 11 8 16 10 12 5 6 18 17 7
12 8 1 2 11 18 15 6 4 13 3 9 16 5 7 17 10 14
9 16 4 5 12 3 15 1 11 10 6 14 8 2 13 18 17 7
3 7 2 1 18 4 16 5 11 17 9 6 8 15 10 12 14 13
11 3 16 12 2 4 9 17 13 10 15 6 18 7 14 8 5 1
2 8 18 7 16 5 13 6 17 3 14 9 4 1 12 11 10 15
12 1 15 4 13 16 10 9 5 3 17 8 7 6 11 14 2 18
18 5 14 15 13 17 4 6 3 7 10 9 16 11 1 2 8 12
16 13 10 1 7 9 8 11 4 12 6 15 18 14 17 2 5 3
6 13 8 5 4 17 16 14 9 1 7 18 10 11 3 15 12 2
4 13 3 2 1 9 14 15 11 8 16 10 12 5 6 18 17 7
12 8 1 2 11 18 15 6 4 13 3 9 16 5 7 17 10 14
9 16 4 5 12 3 15 1 11 10 6 14 8 2 13 18 17 7
3 7 2 1 18 4 16 5 11 17 9 6 8 15 10 12 14 13
11 3 16 12 2 4 9 17 13 10 15 6 18 7 14 8 5 1
2 8 18 7 16 5 13 6 17 3 14 9 4 1 12 11 10 15
12 1 15 4 13 16 10 9 5 3 17 8 7 6 11 14 2 18
18 5 14 15 13 17 4 6 3 7 10 9 16 11 1 2 8 12
16 13 10 1 7 9 8 11 4 12 6 15 18 14 17 2 5 3
6 13 8 5 4 17 16 14 9 1 7 18 10 11 3 15 12 2
4 13 3 2 1 9 14 15 11 8 16 10 12 5 6 18 17 7
12 8 1 2 11 18 15 6 4 13 3 9 16 5 7 17 10 14
9 16 4 5 12 3 15 1 11 10 6 14 8 2 13 18 17 7
3 7 2 1 18 4 16 5 11 17 9 6 8 15 10 12 14 13
11 3 16 12 2 4 9 17 13 10 15 6 18 7 14 8 5 1
2 8 18 7 16 5 13 6 17 3 14 9 4 1 12 11 10 15
12 1 15 4 13 16 10 9 5 3 17 8 7 6 11 14 2 18
18 5 14 15 13 17 4 6 3 7 10 9 16 11 1 2 8 12
16 13 10 1 7 9 8 11 4 12 6 15 18 14 17 2 5 3
6 13 8 5 4 17 16 14 9 1 7 18 10 11 3 15 12 2
4 13 3 2 1 9 14 15 11 8 16 10 12 5 6 18 17 7
12 8 1 2 11 18 15 6 4 13 3 9 16 5 7 17 10 14
9 16 4 5 12 3 15 1 11 10 6 14 8 2 13 18 17 7
3 7 2 1 18 4 16 5 11 17 9 6 8 15 10 12 14 13
11 3 16 12 2 4 9 17 13 10 15 6 18 7 14 8 5 1
2 8 18 7 16 5 13 6 17 3 14 9 4 1 12 11 10 15
12 1 15 4 13 16 10 9 5 3 17 8 7 6 11 14 2 18
18 5 14 15 13 17 4 6 3 7 10 9 16 11 1 2 8 12
16 13 10 1 7 9 8 11 4 12 6 15 18 14 17 2 5 3
6 13 8 5 4 17 16 14 9 1 7 18 10 11 3 15 12 2
4 13 3 2 1 9 14 15 11 8 16 10 12 5 6 18 17 7
12 8 1 2 11 18 15 6 4 13 3 9 16 5 7 17 10 14
9 16 4 5 12 3 15 1 11 10 6 14 8 2 13 18 17 7
3 7 2 1 18 4 16 5 11 17 9 6 8 15 10 12 14 13
11 3 16 12 2 4 9 17 13 10 15 6 18 7 14 8 5 1
2 8 18 7 16 5 13 6 17 3 14 9 4 1 12 11 10 15
12 1 15 4 13 16 10 9 5 3 17 8 7 6 11 14 2 18
18 5 14 15 13 17 4 6 3 7 10 9 16 11 1 2 8 12
16 13 10 1 7 9 8 11 4 12 6 15 18 14 17 2 5 3
6 13 8 5 4 17 16 14 9 1 7 18 10 11 3 15 12 2
4 13 3 2 1 9 14 15 11 8 16 10 12 5 6 18 17 7
12 8 1 2 11 18 15 6 4 13 3 9 16 5 7 17 10 14
9 16 4 5 12 3 15 1 11 10 6 14 8 2 13 18 17 7
3 7 2 1 18 4 16 5 11 17 9 6 8 15 10 12 14 13
11 3 16 12 2 4 9 17 13 10 15 6 18 7 14 8 5 1
2 8 18 7 16 5 13 6 17 3 14 9 4 1 12 11 10 15
12 1 15 4 13 16 10 9 5 3 17 8 7 6 11 14 2 18
18 5 14 15 13 17 4 6 3 7 10 9 16 11 1 2 8 12
16 13 10 1 7 9 8 11 4 12 6 15 18 14 17 2 5 3
6 13 8 5 4 17 16 14 9 1 7 18 10 11 3 15 12 2
4 13 3 2 1 9 14 15 11 8 16 10 12 5 6 18 17 7
12 8 1 2 11 18 15 6 4 13 3 9 16 5 7 17 10 14
9 16 4 5 12 3 15 1 11 10 6 14 8 2 13 18 17 7
3 7 2 1 18 4 16 5 11 17 9 6 8 15 10 12 14 13
11 3 16 12 2 4 9 17 13 10 15 6 18 7 14 8 5 1
2 8 18 7 16 5 13 6 17 3 14 9 4 1 12 11 10 15
12 1 15 4 13 16 10 9 5 3 17 8 7 6 11 14 2 18
18 5 14 15 13 17 4 6 3 7 10 9 16 11 1 2 8 12
16 13 10 1 7 9 8 11 4 12 6 15 18 14 17 2 5 3
6 13 8 5 4 17 16 14 9 1 7 18 10 11 3 15 12 2
4 13 3 2 1 9 14 15 11 8 16 10 12 5 6 18 17 7
12 8 1 2 11 18 15 6 4 13 3 9 16 5 7 17 10 14
9 16 4 5 12 3 15 1 11 10 6 14 8 2 13 18 17 7
3 7 2 1 18 4 16 5 11 17 9 6 8 15 10 12 14 13
11 3 16 12 2 4 9 17 13 10 15 6 18 7 14 8 5 1
2 8 18 7 16 5 13 6 17 3 14 9 4 1 12 11 10 15
12 1 15 4 13 16 10 9 5 3 17 8 7 6 11 14 2 18
18 5 14 15 13 17 4 6 3 7 10 9 16 11 1 2 8 12
16 13 10 1 7 9 8 11 4 12 6 15 18 14 17 2 5 3
6 13 8 5 4 17 16 14 9 1 7 18 10 11 3 15 12 2
4 13 3 2 1 9 14 15 11 8 16 10 12 5 6 18 17 7
12 8 1 2 11 18 15 6 4 13 3 9 16 5 7 17 10 14
9 16 4 5 12 3 15 1 11 10 6 14 8 2 13 18 17 7
3 7 2 1 18 4 16 5 11 17 9 6 8 15 10 12 14 13
11 3 16 12 2 4 9 17 13 10 15 6 18 7 14 8 5 1
2 8 18 7 16 5 13 6 17 3 14 9 4 1 12 11 10 15
12 1 15 4 13 16 10 9 5 3 17 8 7 6 11 14 2 18
18 5 14 15 13 17 4 6 3 7 10 9 16 11 1 2 8 12
16 13 10 1 7 9 8 11 4 12 6 15 18 14 17 2 5 3
6 13 8 5 4 17 16 14 9 1 7 18 10 11 3 15 12 2
4 13 3 2 1 9 14 15 11 8 16 10 12 5 6 18 17 7
12 8 1 2 11 18 15 6 4 13 3 9 16 5 7 17 10 14
9 16 4 5 12 3 15 1 11 10 6 14 8 2 13 18 17 7
3 7 2 1 18 4 16 5 11 17 9 6 8 15 10 12 14 13
11 3 16 12 2 4 9 17 13 10 15 6 18 7 14 8 5 1
2 8 18 7 16 5 13 6 17 3 14 9 4 1 12 11 10 15
12 1 15 4 13 16 10 9 5 3 17 8 7 6 11 14 2 18
18 5 14 15 13 17 4 6 3 7 10 9 16 11 1 2 8 12
16 13 10 1 7 9 8 11 4 12 6 15 18 14 17 2 5 3
6 13 8 5 4 17 16 14 9 1 7 18 10 11 3 15 12 2
4 13 3 2 1 9 14 15 11 8 16 10 12 5 6 18 17 7
12 8 1 2 11 18 15 6 4 13 3 9 16 5 7 17 10 14
9 16 4 5 12 3 15 1 11 10 6 14 8 2 13 18 17 7
3 7 2 1 18 4 16 5 11 17 9 6 8 15 10 12 14 13
11 3 16 12 2 4 9 17 13 10 15 6 18 7 14 8 5 1
2 8 18 7 16 5 13 6 17 3 14 9 4 1 12 11 10 15
12 1 15 4 13 16 10 9 5 3 17 8 7 6 11 14 2 18
18 5 14 15 13 17 4 6 3 7 10 9 16 11 1 2 8 12
16 13 10 1 7 9 8 11 4 12 6 15 18 14 17 2 5 3
6 13 8 5 4 17 16 14 9 1 7 18 10 11 3 15 12 2
4 13 3 2 1 9 14 15 11 8 16 10 12 5 6 18 17 7
12 8 1 2 11 18 15 6 4 13 3 9 16 5 7 17 10 14
9 16 4 5 12 3 15 1 11 10 6 14 8 2 13 18 17 7
3 7 2 1 18 4 16 5 11 17 9 6 8 15 10 12 14 13
11 3 16 12 2 4 9 17 13 10 15 6 18 7 14 8 5 1
2 8 18 7 16 5 13 6 17 3 14 9 4 1 12 11 10 15
12 1 15 4 13 16 10 9 5 3 17 8 7 6 11 14 2 18
18 5 14 15 13 17 4 6 3 7 10 9 16 11 1 2 8 12
16 13 10 1 7 9 8 11 4 12 6 15 18 14 17 2 5 3
6 13 8 5 4 17 16 14 9 1 7 18 10 11 3 15 12 2
4 13 3 2 1 9 14 15 11 8 16 10 12 5 6 18 17 7
12 8 1 2 11 18 15 6 4 13 3 9 16 5 7 17 10 14
9 16 4 5 12 3 15 1 11 10 6 14 8 2 13 18 17 7
3 7 2 1 18 4 16 5 11 17 9 6 8 15 10 12 14 13
11 3 16 12 2 4 9 17 13 10 15 6 18 7 14 8 5 1
2 8 18 7 16 5 13 6 17 3 14 9 4 1 12 11 10 15
12 1 15 4 13 16 10 9 5 3 17 8 7 6 11 14 2 18
18 5 14 15 13 17 4 6 3 7 10 9 16 11 1 2 8 12
16 13 10 1 7 9 8 11 4 12 6 15 18 14 17 2 5 3
6 13 8 5 4 17 16 14 9 1 7 18 10 11 3 15 12 2
4 13 3 2 1 9 14 15 11 8 16 10 12 5 6 18 17 7
12 8 1 2 11 18 15 6 4 13 3 9 16 5 7 17 10 14
9 16 4 5 12 3 15 1 11 10 6 14 8 2 13 18 17 7
3 7 2 1 18 4 16 5 11 17 9 6 8 15 10 12 14 13
11 3 16 12 2 4 9 17 13 10 15 6 18 7 14 8 5 1
2 8 18 7 16 5 13 6 17 3 14 9 4 1 12 11 10 15
12 1 15 4 13 16 10 9 5 3 17 8 7 6 11 14 2 18
18 5 14 15 13 17 4 6 3 7 10 9 16 11 1 2 8 12
16 13 10 1 7 9 8 11 4 12 6 15 18 14 17 2 5 3
6 13 8 5 4 17 16 14 9 1 7 18 10 11 3 15 12 2
4 13 3 2 1 9 14 15 11 8 16 10 12 5 6 18 17 7
12 8 1 2 11 18 15 6 4 13 3 9 16 5 7 17 10 14
9 16 4 5 12 3 15 1 11 10 6 14 8 2 13 18 17 7
3 7 2 1 18 4 16 5 11 17 9 6 8 15 10 12 14 13
11 3 16 12 2 4 9 17 13 10 15 6 18 7 14 8 5 1
2 8 18 7 16 5 13 6 17 3 14 9 4 1 12 11 10 15
12 1 15 4 13 16 10 9 5 3 17 8 7 6 11 14 2 18
18 5 14 15 13 17 4 6 3 7 10 9 16 11 1 2 8 12
16 13 10 1 7 9 8 11 4 12 6 15 18 14 17 2 5 3
6 13 8 5 4 17 16 14 9 1 7 18 10 11 3 15 12 2
4 13 3 2 1 9 14 15 11 8 16 10 12 5 6 18 17 7
12 8 1 2 11 18 15 6 4 13 3 9 16 5 7 17 10 14
9 16 4 5 12 3 15 1 11 10 6 14 8 2 13 18 17 7
3 7 2 1 18 4 16 5 11 17 9 6 8 15 10 12 14 13
11 3 16 12 2 4 9 17 13 10 15 6 18 7 14 8 5 1
2 8 18 7 16 5 13 6 17 3 14 9 4 1 12 11 10 15
12 1 15 4 13 16 10 9 5 3 17 8 7 6 11 14 2 18
18 5 14 15 13 17 4 6 3 7 10 9 16 11 1 2 8 12
16 13 10 1 7 9 8 11 4 12 6 15 18 14 17 2 5 3
6 13 8 5 4 17 16 14 9 1 7 18 10 11 3 15 12 2
4 13 3 2 1 9 14 15 11 8 16 10 12 5 6 18 17 7
12 8 1 2 11 18 15 6 4 13 3 9 16 5 7 17 10 14
9 16 4 5 12 3 15 1 11 10 6 14 8 2 13 18 17 7
3 7 2 1 18 4 16 5 11 17 9 6 8 15 10 12 14 13
11 3 16 12 2 4 9 17 13 10 15 6 18 7 14 8 5 1
2 8 18 7 16 5 13 6 17 3 14 9 4 1 12 11 10 15
12 1 15 4 13 16 10 9 5 3 17 8 7 6 11 14 2 18
18 5 14 15 13 17 4 6 3 7 10 9 16 11 1 2 8 12
16 13 10 1 7 9 8 11 4 12 6 15 18 14 17 2 5 3
6 13 8 5 4 17 16 14 9 1 7 18 10 11 3 15 12 2
4 13 3 2 1 9 14 15 11 8 16 10 12 5 6 18 17 7
12 8 1 2 11 18 15 6 4 13 3 9 16 5 7 17 10 14
9 16 4 5 12 3 15 1 11 10 6 14 8 2 13 18 17 7
3 7 2 1 18 4 16 5 11 17 9 6 8 15 10 12 14 13
11 3 16 12 2 4 9 17 13 10 15 6 18 7 14 8 5 1
2 8 18 7 16 5 13 6 17 3 14 9 4 1 12 11 10 15
12 1 15 4 13 16 10 9 5 3 17 8 7 6 11 14 2 18
18 5 14 15 13 17 4 6 3 7 10 9 16 11 1 2 8 12
16 13 10 1 7 9 8 11 4 12 6 15 18 14 17 2 5 3
6 13 8 5 4 17 16 14 9 1 7 18 10 11 3 15 12 2
4 13 3 2 1 9 14 15 11 8 16 10 12 5 6 18 17 7
12 8 1 2 11 18 15 6 4 13 3 9 16 5 7 17 10 14
9 16 4 5 12 3 15 1 11 10 6 14 8 2 13 18 17 7
3 7 2 1 18 4 16 5 11 17 9 6 8 15 10 12 14 13
11 3 16 12 2 4 9 17 13 10 15 6 18 7 14 8 5 1
2 8 18 7 16 5 13 6 17 3 14 9 4 1 12 11 10 15
12 1 15 4 13 16 10 9 5 3 17 8 7 6 11 14 2 18
18 5 14 15 13 17 4 6 3 7 10 9 16 11 1 2 8 12
16 13 10 1 7 9 8 11 4 12 6 15 18 14 17 2 5 3
6 13 8 5 4 17 16 14 9 1 7 18 10 11 3 15 12 2
4 13 3 2 1 9 14 15 11 8 16 10 12 5 6 18 17 7
12 8 1 2 11 18 15 6 4 13 3 9 16 5 7 17 10 14
9 16 4 5 12 3 15 1 11 10 6 14 8 2 13 18 17 7
3 7 2 1 18 4 16 5 11 17 9 6 8 15 10 12 14 13
11 3 16 12 2 4 9 17 13 10 15 6 18 7 14 8 5 1
2 8 18 7 16 5 13 6 17 3 14 9 4 1 12 11 10 15
12 1 15 4 13 16 10 9 5 3 17 8 7 6 11 14 2 18
18 5 14 15 13 17 4 6 3 7 10 9 16 11 1 2 8 12
16 13 10 1 7 9 8 11 4 12 6 15 18 14 17 2 5 3
6 13 8 5 4 17 16 14 9 1 7 18 10 11 3 15 12 2
4 13 3 2 1 9 14 15 11 8 16 10 12 5 6 18 17 7
12 8 1 2 11 18 15 6 4 13 3 9 16 5 7 17 10 14
9 16 4 5 12 3 15 1 11 10 6 14 8 2 13 18 17 7
3 7 2 1 18 4 16 5 11 17 9 6 8 15 10 12 14 13
11 3 16 12 2 4 9 17 13 10 15 6 18 7 14 8 5 1
2 8 18 7 16 5 13 6 17 3 14 9 4 1 12 11 10 15
12 1 15 4 13 16 10 9 5 3 17 8 7 6 11 14 2 18
18 5 14 15 13 17 4 6 3 7 10 9 16 11 1 2 8 12
16 13 10 1 7 9 8 11 4 12 6 15 18 14 17 2 5 3
6 13 8 5 4 17 16 14 9 1 7 18 10 11 3 15 12 2
4 13 3 2 1 9 14 15 11 8 16 10 12 5 6 18 17 7
12 8 1 2 11 18 15 6 4 13 3 9 16 5 7 17 10 14
9 16 4 5 12 3 15 1 11 10 6 14 8 2 13 18 17 7
3 7 2 1 18 4 16 5 11 17 9 6 8 15 10 12 14 13
11 3 16 12 2 4 9 17 13 10 15 6 18 7 14 8 5 1
2 8 18 7 16 5 13 6 17 3 14 9 4 1 12 11 10 15
12 1 15 4 13 16 10 9 5 3 17 8 7 6 11 14 2 18
18 5 14 15 13 17 4 6 3 7 10 9 16 11 1 2 8 12
16 13 10 1 7 9 8 11 4 12 6 15 18 14 17 2 5 3
6 13 8 5 4 17 16 14 9 1 7 18 10 11 3 15 12 2
4 13 3 2 1 9 14 15 11 8 16 10 12 5 6 18 17 7
12 8 1 2 11 18 15 6 4 13 3 9 16 5 7 17 10 14
9 16 4 5 12 3 15 1 11 10 6 14 8 2 13 18 17 7
3 7 2 1 18 4 16 5 11 17 9 6 8 15 10 12 14 13
11 3 16 12 2 4 9 17 13 10 15 6 18 7 14 8 5 1
2 8 18 7 16 5 13 6 17 3 14 9 4 1 12 11 10 15
12 1 15 4 13 16 10 9 5 3 17 8 7 6 11 14 2 18
18 5 14 15 13 17 4 6 3 7 10 9 16 11 1 2 8 12
16 13 10 1 7 9 8 11 4 12 6 15 18 14 17 2 5 3
6 13 8 5 4 17 16 14 9 1 7 18 10 11 3 15 12 2
4 13 3 2 1 9 14 15 11 8 16 10 12 5 6 18 17 7
12 8 1 2 11 18 15 6 4 13 3 9 16 5 7 17 10 14
9 16 4 5 12 3 15 1 11 10 6 14 8 2 13 18 17 7
3 7 2 1 18 4 16 5 11 17 9 6 8 15 10 12 14 13
11 3 16 12 2 4 9 17 13 10 15 6 18 7 14 8 5 1
2 8 18 7 16 5 13 6 17 3 14 9 4 1 12 11 10 15
12 1 15 4 13 16 10 9 5 3 17 8 7 6 11 14 2 18
18 5 14 15 13 17 4 6 3 7 10 9 16 11 1 2 8 12
16 13 10 1 7 9 8 11 4 12 6 15 18 14 17 2 5 3
6 13 8 5 4 17 16 14 9 1 7 18 10 11 3 15 12 2
4 13 3 2 1 9 14 15 11 8 16 10 12 5 6 18 17 7
12 8 1 2 11 18 15 6 4 13 3 9 16 5 7 17 10 14
9 16 4 5 12 3 15 1 11 10 6 14 8 2 13 18 17 7
3 7 2 1 18 4 16 5 11 17 9 6 8 15 10 12 14 13
11 3 16 12 2 4 9 17 13 10 15 6 18 7 14 8 5 1
2 8 18 7 16 5 13 6 17 3 14 9 4 1 12 11 10 15
12 1 15 4 13 16 10 9 5 3 17 8 7 6 11 14 2 18
18 5 14 15 13 17 4 6 3 7 10 9 16 11 1 2 8 12
16 13 10 1 7 9 8 11 4 12 6 15 18 14 17 2 5 3
6 13 8 5 4 17 16 14 9 1 7 18 10 11 3 15 12 2
4 13 3 2 1 9 14 15 11 8 16 10 12 5 6 18 17 7
12 8 1 2 11 18 15 6 4 13 3 9 16 5 7 17 10 14
9 16 4 5 12 3 15 1 11 10 6 14 8 2 13 18 17 7
3 7 2 1 18 4 16 5 11 17 9 6 8 15 10 12 14 13
11 3 16 12 2 4 9 17 13 10 15 6 18 7 14 8 5 1
2 8 18 7 16 5 13 6 17 3 14 9 4 1 12 11 10 15
12 1 15 4 13 16 10 9 5 3 17 8 7 6 11 14 2 18
18 5 14 15 13 17 4 6 3 7 10 9 16 11 1 2 8 12
16 13 10 1 7 9 8 11 4 12 6 15 18 14 17 2 5 3
6 13 8 5 4 17 16 14 9 1 7 18 10 11 3 15 12 2
4 13 3 2 1 9 14 15 11 8 16 10 12 5 6 18 17 7
12 8 1 2 11 18 15 6 4 13 3 9 16 5 7 17 10 14
9 16 4 5 12 3 15 1 11 10 6 14 8 2 13 18 17 7
3 7 2 1 18 4 16 5 11 17 9 6 8 15 10 12 14 13
11 3 16 12 2 4 9 17 13 10 15 6 18 7 14 8 5 1
2 8 18 7 16 5 13 6 17 3 14 9 4 1 12 11 10 15
12 1 15 4 13 16 10 9 5 3 17 8 7 6 11 14 2 18
18 5 14 15 13 17 4 6 3 7 10 9 16 11 1 2 8 12
16 13 10 1 7 9 8 11 4 12 6 15 18 14 17 2 5 3
6 13 8 5 4 17 16 14 9 1 7 18 10 11 3 15 12 2
4 13 3 2 1 9 14 15 11 8 16 10 12 5 6 18 17 7
12 8 1 2 11 18 15 6 4 13 3 9 16 5 7 17 10 14
9 16 4 5 12 3 15 1 11 10 6 14 8 2 13 18 17 7
3 7 2 1 18 4 16 5 11 17 9 6 8 15 10 12 14 13
11 3 16 12 2 4 9 17 13 10 15 6 18 7 14 8 5 1
2 8 18 7 16 5 13 6 17 3 14 9 4 1 12 11 10 15
12 1 15 4 13 16 10 9 5 3 17 8 7 6 11 14 2 18
18 5 14 15 13 17 4 6 3 7 10 9 16 11 1 2 8 12
16 13 10 1 7 9 8 11 4 12 6 15 18 14 17 2 5 3
6 13 8 5 4 17 16 14 9 1 7 18 10 11 3 15 12 2
4 13 3 2 1 9 14 15 11 8 16 10 12 5 6 18 17 7
12 8 1 2 11 18 15 6 4 13 3 9 16 5 7 17 10 14
9 16 4 5 12 3 15 1 11 10 6 14 8 2 13 18 17 7
3 7 2 1 18 4 16 5 11 17 9 6 8 15 10 12 14 13
11 3 16 12 2 4 9 17 13 10 15 6 18 7 14 8 5 1
2 8 18 7 16 5 13 6 17 3 14 9 4 1 12 11 10 15
12 1 15 4 13 16 10 9 5 3 17 8 7 6 11 14 2 18
18 5 14 15 13 17 4 6 3 7 10 9 16 11 1 2 8 12
16 13 10 1 7 9 8 11 4 12 6 15 18 14 17 2 5 3
6 13 8 5 4 17 16 14 9 1 7 18 10 11 3 15 12 2
4 13 3 2 1 9 14 15 11 8 16 10 12 5 6 18 17 7
12 8 1 2 11 18 15 6 4 13 3 9 16 5 7 17 10 14
9 16 4 5 12 3 15 1 11 10 6 14 8 2 13 18 17 7
3 7 2 1 18 4 16 5 11 17 9 6 8 15 10 12 14 13
11 3 16 12 2 4 9 17 13 10 15 6 18 7 14 8 5 1
2 8 18 7 16 5 13 6 17 3 14 9 4 1 12 11 10 15
12 1 15 4 13 16 10 9 5 3 17 8 7 6 11 14 2 18
18 5 14 15 13 17 4 6 3 7 10 9 16 11 1 2 8 12
16 13 10 1 7 9 8 11 4 12 6 15 18 14 17 2 5 3
6 13 8 5 4 17 16 14 9 1 7 18 10 11 3 15 12 2
4 13 3 2 1 9 14 15 11 8 16 10 12 5 6 18 17 7
12 8 1 2 11 18 15 6 4 13 3 9 16 5 7 17 10 14
9 16 4 5 12 3 15 1 11 10 6 14 8 2 13 18 17 7
3 7 2 1 18 4 16 5 11 17 9 6 8 15 10 12 14 13
11 3 16 12 2 4 9 17 13 10 15 6 18 7 14 8 5 1
2 8 18 7 16 5 13 6 17 3 14 9 4 1 12 11 10 15
12 1 15 4 13 16 10 9 5 3 17 8 7 6 11 14 2 18
18 5 14 15 13 17 4 6 3 7 10 9 16 11 1 2 8 12
16 13 10 1 7 9 8 11 4 12 6 15 18 14 17 2 5 3
6 13 8 5 4 17 16 14 9 1 7 18 10 11 3 15 12 2
4 13 3 2 1 9 14 15 11 8 16 10 12 5 6 18 17 7
12 8 1 2 11 18 15 6 4 13 3 9 16 5 7 17 10 14
9 16 4 5 12 3 15 1 11 10 6 14 8 2 13 18 17 7
3 7 2 1 18 4 16 5 11 17 9 6 8 15 10 12 14 13
11 3 16 12 2 4 9 17 13 10 15 6 18 7 14 8 5 1
2 8 18 7 16 5 13 6 17 3 14 9 4 1 12 11 10 15
12 1 15 4 13 16 10 9 5 3 17 8 7 6 11 14 2 18
18 5 14 15 13 17 4 6 3 7 10 9 16 11 1 2 8 12
16 13 10 1 7 9 8 11 4 12 6 15 18 14 17 2 5 3
6 13 8 5 4 17 16 14 9 1 7 18 10 11 3 15 12 2
4 13 3 2 1 9 14 15 11 8 16 10 12 5 6 18 17 7
12 8 1 2 11 18 15 6 4 13 3 9 16 5 7 17 10 14
9 16 4 5 12 3 15 1 11 10 6 14 8 2 13 18 17 7
3 7 2 1 18 4 16 5 11 17 9 6 8 15 10 12 14 13
11 3 16 12 2 4 9 17 13 10 15 6 18 7 14 8 5 1
2 8 18 7 16 5 13 6 17 3 14 9 4 1 12 11 10 15
12 1 15 4 13 16 10 9 5 3 17 8 7 6 11 14 2 18
18 5 14 15 13 17 4 6 3 7 10 9 16 11 1 2 8 12
16 13 10 1 7 9 8 11 4 12 6 15 18 14 17 2 5 3
6 13 8 5 4 17 16 14 9 1 7 18 10 11 3 15 12 2
4 13 3 2 1 9 14 15 11 8 16 10 12 5 6 18 17 7
12 8 1 2 11 18 15 6 4 13 3 9 16 5 7 17 10 14
9 16 4 5 12 3 15 1 11 10 6 14 8 2 13 18 17 7
3 7 2 1 18 4 16 5 11 17 9 6 8 15 10 12 14 13
11 3 16 12 2 4 9 17 13 10 15 6 18 7 14 8 5 1
2 8 18 7 16 5 13 6 17 3 14 9 4 1 12 11 10 15
12 1 15 4 13 16 10 9 5 3 17 8 7 6 11 14 2 18
18 5 14 15 13 17 4 6 3 7 10 9 16 11 1 2 8 12
16 13 10 1 7 9 8 11 4 12 6 15 18 14 17 2 5 3
6 13 8 5 4 17 16 14 9 1 7 18 10 11 3 15 12 2

3
Harry S. Truman
Franklin D. Roosevelt
James Buchanan






