1

14
Henry A. Wallace
Ronald Reagan
Barack Obama
Gerald Ford
Charles Dawes
Franklin Pierce
Hubert Humphrey
Henry Wilson
Woodrow Wilson
Charles Fairbanks
Calvin Coolidge
James Buchanan
Warren G. Harding
Andrew Johnson
Charles Fairbanks
Ulysses S. Grant
Dwight D. Eisenhower
Barack Obama
Richard Nixon
13 6 8 11 10 1 4 9 3 12 7 2 14 5 
11 9 2 7 13 1 12 8 6 5 4 14 3 10 
12 13 11 10 4 9 2 1 6 14 8 3 7 5 
12 13 6 7 14 1 10 8 5 9 3 4 11 2 
13 6 11 12 9 5 10 2 4 1 14 7 8 3 
9 8 5 1 7 4 3 11 12 13 2 10 6 14 
13 5 11 2 1 9 12 8 4 10 3 6 14 7 
14 10 2 13 7 11 3 9 8 1 4 5 12 6 
2 13 11 3 12 14 4 10 7 8 9 5 6 1 
7 6 8 10 11 3 4 1 12 5 9 13 2 14 
3 6 12 9 10 13 8 11 14 7 4 5 2 1 
13 4 8 3 6 10 7 1 12 9 5 2 14 11 
4 2 9 8 11 6 14 3 12 7 1 13 5 10 
5 4 7 9 12 1 13 3 6 11 8 2 10 14 
5 3 1 6 10 14 2 7 4 11 13 12 9 8 
6 4 13 14 10 3 11 1 2 7 5 12 9 8 
11 6 5 10 14 2 3 9 1 12 13 8 4 7 
11 3 2 5 4 7 14 10 13 12 9 6 1 8 
5 1 9 7 10 3 11 2 8 6 12 13 4 14 
6 13 4 1 5 2 9 11 8 14 7 10 3 12 
13 10 2 14 9 6 11 3 7 1 8 12 5 4 
12 13 2 10 9 4 14 11 1 3 7 5 8 6 
8 12 1 6 11 3 5 4 10 2 14 7 9 13 
8 12 14 4 9 6 7 10 3 1 11 2 13 5 
6 1 5 2 8 14 3 7 9 13 12 10 11 4 
8 4 5 10 3 6 2 9 14 13 11 12 1 7 
1 9 3 7 6 4 2 8 14 13 10 5 12 11 
1 9 2 14 3 10 5 4 7 11 8 6 12 13 
7 4 10 2 3 14 8 11 1 9 6 13 12 5 
10 2 14 4 11 13 5 6 7 8 9 3 12 1 
8 14 12 3 9 10 2 11 4 7 6 5 1 13 
7 4 14 10 8 11 9 13 1 12 2 6 5 3 
6 7 3 9 12 10 14 2 5 11 13 4 8 1 
3 13 1 11 6 14 8 7 9 2 10 4 5 12 
14 2 11 12 5 10 9 6 8 13 4 1 3 7 
7 5 6 2 10 12 8 9 1 13 4 14 3 11 
4 5 1 2 12 14 7 11 6 9 13 3 10 8 
1 6 9 5 10 13 4 12 8 2 7 11 14 3 