0 0 1 1 1 0 1 0 0 1 0 1 2 0 0 0 1 0 1 
2 3 4 6 9 11 16 18 
=============================
13 1 14 15 8 10 12 5 17 7 0 0 0 0 0 0 0 0 
12 8 1 15 13 5 7 17 10 14 0 0 0 0 0 0 0 0 
5 12 15 1 10 14 8 13 17 7 0 0 0 0 0 0 0 0 
7 1 5 17 8 15 10 12 14 13 0 0 0 0 0 0 0 0 
12 17 13 10 15 7 14 8 5 1 0 0 0 0 0 0 0 0 
8 7 5 13 17 14 1 12 10 15 0 0 0 0 0 0 0 0 
12 1 15 13 10 5 17 8 7 14 0 0 0 0 0 0 0 0 
5 14 15 13 17 7 10 1 8 12 0 0 0 0 0 0 0 0 
13 10 1 7 8 12 15 14 17 5 0 0 0 0 0 0 0 0 
13 8 5 17 14 1 7 10 15 12 0 0 0 0 0 0 0 0 
=============================
0 0 0 0 0 2 0 1 1 0 0 0 3 3 0 0 0 0 0 
7 8 
=============================
13 1 14 15 10 12 5 17 0 0 0 0 0 0 0 0 0 0 
12 1 15 13 5 17 10 14 0 0 0 0 0 0 0 0 0 0 
5 12 15 1 10 14 13 17 0 0 0 0 0 0 0 0 0 0 
1 5 17 15 10 12 14 13 0 0 0 0 0 0 0 0 0 0 
12 17 13 10 15 14 5 1 0 0 0 0 0 0 0 0 0 0 
5 13 17 14 1 12 10 15 0 0 0 0 0 0 0 0 0 0 
12 1 15 13 10 5 17 14 0 0 0 0 0 0 0 0 0 0 
5 14 15 13 17 10 1 12 0 0 0 0 0 0 0 0 0 0 
13 10 1 12 15 14 17 5 0 0 0 0 0 0 0 0 0 0 
13 5 17 14 1 10 15 12 0 0 0 0 0 0 0 0 0 0 
=============================
0 1 0 0 0 3 0 0 0 0 0 0 3 3 0 0 0 0 0 
1 
=============================
13 14 15 10 12 5 17 0 0 0 0 0 0 0 0 0 0 0 
12 15 13 5 17 10 14 0 0 0 0 0 0 0 0 0 0 0 
5 12 15 10 14 13 17 0 0 0 0 0 0 0 0 0 0 0 
5 17 15 10 12 14 13 0 0 0 0 0 0 0 0 0 0 0 
12 17 13 10 15 14 5 0 0 0 0 0 0 0 0 0 0 0 
5 13 17 14 12 10 15 0 0 0 0 0 0 0 0 0 0 0 
12 15 13 10 5 17 14 0 0 0 0 0 0 0 0 0 0 0 
5 14 15 13 17 10 12 0 0 0 0 0 0 0 0 0 0 0 
13 10 12 15 14 17 5 0 0 0 0 0 0 0 0 0 0 0 
13 5 17 14 10 15 12 0 0 0 0 0 0 0 0 0 0 0 
=============================
0 0 0 0 0 4 0 0 0 0 0 0 3 3 0 0 0 0 0 
12 13 
=============================
14 15 10 5 17 0 0 0 0 0 0 0 0 0 0 0 0 0 
15 5 17 10 14 0 0 0 0 0 0 0 0 0 0 0 0 0 
5 15 10 14 17 0 0 0 0 0 0 0 0 0 0 0 0 0 
5 17 15 10 14 0 0 0 0 0 0 0 0 0 0 0 0 0 
17 10 15 14 5 0 0 0 0 0 0 0 0 0 0 0 0 0 
5 17 14 10 15 0 0 0 0 0 0 0 0 0 0 0 0 0 
15 10 5 17 14 0 0 0 0 0 0 0 0 0 0 0 0 0 
5 14 15 17 10 0 0 0 0 0 0 0 0 0 0 0 0 0 
10 15 14 17 5 0 0 0 0 0 0 0 0 0 0 0 0 0 
5 17 14 10 15 0 0 0 0 0 0 0 0 0 0 0 0 0 
=============================
0 0 0 0 0 5 0 0 0 0 1 0 0 0 1 2 0 1 0 
10 14 17 
=============================
15 5 0 0 0 0 0 0 0 0 0 0 0 0 0 0 0 0 
15 5 0 0 0 0 0 0 0 0 0 0 0 0 0 0 0 0 
5 15 0 0 0 0 0 0 0 0 0 0 0 0 0 0 0 0 
5 15 0 0 0 0 0 0 0 0 0 0 0 0 0 0 0 0 
15 5 0 0 0 0 0 0 0 0 0 0 0 0 0 0 0 0 
5 15 0 0 0 0 0 0 0 0 0 0 0 0 0 0 0 0 
15 5 0 0 0 0 0 0 0 0 0 0 0 0 0 0 0 0 
5 15 0 0 0 0 0 0 0 0 0 0 0 0 0 0 0 0 
15 5 0 0 0 0 0 0 0 0 0 0 0 0 0 0 0 0 
5 15 0 0 0 0 0 0 0 0 0 0 0 0 0 0 0 0 
=============================
Alben Barkley
Charles Dawes
